1 94 9 106
20 101 1 112
1 97 4 94
4 92 1 94
16 92 1 98
1 101 3 87
19 115 1 121
1 114 30 99
1 107 18 117
1 106 19 98
2 106 1 93
1 96 29 97
3 90 1 88
1 103 26 97
6 109 1 97
1 121 2 97
18 99 1 95
15 101 1 116
27 108 1 88
1 106 21 100
1 86 28 96
1 100 14 87
7 95 1 98
21 107 1 94
1 78 27 103
1 88 16 100
1 127 23 106
2 101 1 109
22 100 1 103
1 106 25 97
1 107 9 100
1 117 20 98
12 93 1 87
11 115 1 121
20 111 1 97
1 101 20 107
23 98 1 126
1 120 5 105
4 107 1 84
17 108 1 101
1 114 3 86
1 98 22 81
25 98 1 104
26 91 1 88
24 98 1 95
8 105 1 119
1 83 13 85
12 111 1 92
16 105 1 87
1 112 7 97
23 86 1 124
1 102 12 96
22 96 1 94
1 110 22 117
5 90 1 113
1 111 16 115
1 109 17 117
1 92 10 102
1 103 5 88
1 87 4 76
10 109 1 105
14 77 1 106
13 97 1 107
29 84 1 91
28 104 1 96
1 95 15 83
1 104 12 75
9 114 1 118
1 116 8 98
1 109 11 97
1 102 30 117
30 101 1 122
1 101 17 90
9 95 1 112
5 100 1 102
28 105 1 97
1 108 6 110
1 103 24 90
1 95 28 87
1 118 2 107
6 109 1 94
30 109 1 98
2 112 23 95
2 103 28 113
2 87 27 95
12 100 2 98
2 118 30 98
17 83 2 99
2 91 12 102
21 85 2 100
11 95 2 111
2 102 7 106
2 120 3 95
3 111 2 101
2 84 23 80
2 111 30 78
22 110 2 91
16 95 2 105
26 97 2 114
27 108 2 105
19 93 2 111
2 105 5 100
2 119 10 124
4 93 2 98
2 77 6 89
9 119 2 116
2 113 18 99
4 89 2 102
9 93 2 99
2 100 20 91
2 104 14 112
2 97 3 100
3 94 2 103
2 94 9 99
5 101 2 92
15 101 2 98
20 120 2 114
2 103 12 94
2 117 24 103
30 117 2 119
7 118 2 113
28 115 2 109
2 110 5 101
23 92 2 112
30 91 2 116
2 111 8 103
2 113 22 94
22 119 2 114
20 89 2 97
2 102 9 95
6 103 2 104
2 128 26 119
17 112 2 111
2 139 13 134
29 111 2 93
8 101 2 121
18 124 2 122
2 112 17 107
2 101 16 89
2 100 29 95
2 116 25 93
2 105 20 104
6 120 2 103
2 116 15 96
2 98 11 102
12 103 2 98
2 109 21 130
28 105 2 91
23 105 2 120
2 107 22 96
2 91 28 79
24 99 2 102
13 114 2 90
25 116 2 109
10 106 2 109
14 100 2 107
2 104 19 97
2 124 17 109
2 100 4 114
2 98 16 88
3 100 5 115
27 102 3 75
15 101 3 91
3 96 17 103
3 98 14 104
17 94 3 86
11 98 3 106
26 111 3 109
10 107 3 99
4 116 3 111
21 110 3 99
6 90 3 88
3 87 9 83
3 94 24 91
20 108 3 91
3 98 10 114
3 110 11 105
3 100 23 91
3 100 13 105
3 82 22 105
3 98 16 104
12 104 3 97
3 85 18 100
5 102 3 105
3 118 7 119
3 96 30 111
16 105 3 111
22 100 3 93
3 74 28 91
3 77 22 83
9 103 3 89
3 79 27 106
3 110 20 104
3 104 25 116
28 112 3 100
3 78 6 91
3 86 29 108
3 116 21 106
3 98 16 102
7 91 3 79
19 105 3 103
3 100 9 105
3 100 12 114
3 128 26 119
23 103 3 98
3 105 8 104
3 90 15 109
3 109 20 98
3 96 4 104
25 112 3 104
24 106 3 116
29 96 3 98
13 105 3 95
14 107 3 101
8 120 3 121
18 132 3 118
28 104 3 99
23 95 3 89
3 100 17 109
3 131 23 114
5 118 3 102
9 115 3 103
3 100 4 105
3 104 6 95
3 120 12 110
16 110 3 99
22 139 3 105
6 107 3 87
20 105 3 91
3 87 19 106
30 121 3 103
4 113 3 99
12 129 3 105
3 111 30 120
3 96 28 103
16 104 4 94
4 130 5 105
7 94 4 108
27 114 4 94
18 95 4 104
4 95 20 93
5 102 4 97
4 106 25 94
20 102 4 94
4 113 23 88
4 127 26 122
4 101 30 87
4 90 6 95
4 87 17 82
4 99 10 116
5 96 4 102
4 104 9 84
4 99 16 81
15 99 4 123
22 113 4 98
4 109 28 99
30 109 4 101
11 102 4 95
4 98 15 92
4 108 14 98
4 117 13 122
28 104 4 94
4 90 21 109
10 111 4 101
24 111 4 102
13 97 4 83
8 95 4 92
19 109 4 107
4 92 17 105
4 124 29 119
21 109 4 95
22 116 4 120
4 97 20 84
26 128 4 129
29 102 4 73
25 109 4 91
14 82 4 101
4 106 6 97
4 95 16 98
4 108 30 104
4 108 5 91
12 95 4 117
17 95 4 98
6 114 4 103
12 95 4 96
4 126 24 92
23 99 4 119
4 108 12 101
4 108 18 103
4 122 19 113
4 118 9 103
4 125 11 109
4 96 7 107
4 107 22 99
16 106 4 109
4 93 8 101
4 91 27 88
9 112 4 105
17 91 4 115
23 85 4 100
4 100 23 91
6 112 4 103
28 96 4 90
20 97 4 111
30 113 4 98
4 117 22 103
5 97 6 95
9 98 5 94
5 92 22 87
5 104 21 98
5 93 18 102
23 88 5 111
5 96 12 95
24 97 5 103
10 106 5 94
25 88 5 93
12 104 5 92
5 92 27 89
5 99 8 90
5 101 24 103
5 83 13 80
5 98 19 94
5 115 23 96
5 98 15 85
5 144 9 147
20 107 5 91
21 96 5 105
7 118 5 111
5 104 28 97
5 102 12 100
5 108 20 81
28 113 5 115
5 117 17 106
5 100 30 114
17 106 5 101
23 111 5 115
5 77 7 83
9 101 5 111
5 94 10 125
6 83 5 96
5 84 16 89
14 91 5 114
13 120 5 93
29 105 5 96
26 102 5 107
8 115 5 110
18 112 5 105
6 106 5 95
5 116 28 106
5 126 14 115
5 109 30 104
5 95 25 103
16 129 5 111
22 102 5 89
5 108 11 100
5 100 17 90
27 109 5 101
5 96 16 118
28 107 5 109
30 117 5 96
5 92 29 85
5 109 26 102
5 107 20 115
20 106 5 94
22 111 5 89
12 96 5 98
11 100 5 103
5 90 9 94
17 98 5 102
15 108 5 92
16 106 5 98
5 105 6 102
19 116 5 121
5 115 23 105
15 76 6 106
6 102 16 92
23 100 6 107
6 96 20 86
6 108 23 102
6 101 12 97
6 118 29 114
20 84 6 90
17 108 6 105
9 104 6 99
6 115 17 100
6 117 22 103
28 103 6 99
6 85 30 97
19 114 6 108
16 99 6 84
6 105 25 100
22 76 6 111
6 104 21 100
6 108 23 86
6 91 20 84
10 89 6 83
25 105 6 76
24 97 6 101
8 87 6 93
6 104 22 79
6 122 28 100
30 115 6 121
18 99 6 125
23 85 6 95
7 107 6 110
27 99 6 95
11 77 6 91
6 98 10 132
6 115 13 102
6 114 18 107
6 115 24 93
9 106 6 114
6 117 27 103
12 106 6 111
6 99 19 84
6 120 26 100
6 120 14 111
21 92 6 115
6 88 9 96
28 99 6 97
30 113 6 99
6 100 12 96
6 108 30 83
6 103 15 106
26 111 6 120
14 108 6 120
13 90 6 114
29 94 6 85
6 99 7 98
22 103 6 109
16 122 6 101
6 124 8 91
6 113 17 104
20 93 6 107
6 100 11 106
17 80 6 109
12 123 6 109
6 110 9 112
24 95 7 111
13 104 7 88
14 93 7 103
7 91 28 102
7 107 19 98
19 120 7 105
7 118 13 108
7 90 14 82
11 98 7 110
23 86 7 92
7 102 29 93
21 117 7 114
15 110 7 96
27 88 7 83
7 92 8 81
26 112 7 98
25 112 7 115
7 96 11 100
30 104 7 116
20 97 7 104
7 111 30 114
7 104 24 94
12 107 7 81
7 97 15 88
28 103 7 99
7 103 17 93
7 114 10 91
16 106 7 82
7 98 19 105
7 117 26 116
19 91 7 100
17 96 7 95
18 87 7 93
21 108 7 89
27 112 7 83
7 106 18 94
7 106 21 109
11 115 7 104
14 90 7 92
10 127 7 107
7 91 24 78
7 90 16 93
7 90 27 116
15 110 7 114
7 119 29 121
22 110 7 104
7 129 23 103
7 103 21 116
7 122 8 116
7 128 18 101
7 121 22 108
7 101 26 104
8 116 7 114
7 90 13 109
7 96 9 102
7 105 12 112
7 112 10 130
7 132 25 120
25 109 7 103
10 128 7 120
26 133 7 111
8 88 7 97
7 91 20 89
9 89 7 98
18 78 7 88
7 88 11 86
7 103 15 93
13 98 7 91
29 92 7 101
7 91 27 96
11 85 8 105
8 78 18 95
21 117 8 93
14 109 8 120
8 84 29 96
10 119 8 104
8 108 25 104
8 103 17 102
8 107 11 98
24 105 8 81
19 98 8 115
27 109 8 98
8 107 24 114
8 105 10 118
8 94 13 111
8 80 27 91
17 92 8 74
28 105 8 106
23 105 8 108
8 74 22 85
8 111 18 108
8 114 11 108
18 100 8 112
29 97 8 88
8 125 19 130
8 107 14 111
24 96 8 104
27 101 8 86
21 122 8 112
25 110 8 103
10 111 8 108
8 106 25 112
18 74 8 78
15 91 8 84
8 112 10 110
8 95 16 98
8 129 12 126
8 104 21 110
8 101 15 102
8 104 9 101
30 113 8 117
12 109 8 105
8 112 28 93
29 85 8 81
20 96 8 101
9 92 8 103
26 116 8 110
8 110 26 114
13 81 8 87
8 96 15 103
8 117 14 107
8 110 20 94
8 116 24 98
8 116 30 100
16 124 8 119
22 116 8 110
8 104 23 103
14 105 8 116
13 105 8 90
15 105 8 109
19 101 8 95
8 106 26 115
8 102 21 124
8 102 27 98
8 84 29 100
25 107 8 99
9 92 29 87
9 82 12 94
24 92 9 100
25 103 9 120
10 109 9 95
26 101 9 92
13 101 9 96
14 97 9 85
18 86 9 96
9 95 30 97
17 109 9 88
9 104 16 81
21 103 9 87
9 116 11 105
9 127 24 122
9 102 17 95
9 111 14 91
9 92 15 93
23 95 9 107
9 118 12 96
9 103 13 105
16 92 9 93
20 108 9 96
9 115 18 90
12 94 9 82
9 115 22 89
9 99 27 109
15 103 9 101
9 113 10 95
11 114 9 123
19 115 9 99
29 92 9 95
9 110 23 97
28 111 9 107
9 111 20 105
12 112 9 104
9 89 28 103
30 98 9 86
9 106 19 111
9 111 23 91
17 91 9 102
9 114 28 101
27 97 9 81
20 102 9 89
9 123 25 103
23 111 9 125
30 124 9 81
9 115 26 108
9 92 17 91
9 118 22 102
9 88 21 82
16 107 9 89
22 104 9 108
9 112 30 99
9 93 16 99
10 111 19 95
11 92 10 112
19 120 10 134
10 119 15 69
10 112 13 108
26 94 10 103
15 84 10 100
18 116 10 129
10 115 28 110
13 117 10 124
10 111 14 77
24 116 10 135
10 120 26 101
29 103 10 106
28 109 10 112
12 123 10 131
17 108 10 95
10 128 24 103
10 121 17 112
10 103 29 85
10 122 26 103
11 110 10 114
14 88 10 109
25 108 10 128
26 116 10 128
10 111 16 103
10 116 14 98
10 122 12 110
10 120 27 90
23 105 10 108
20 95 10 116
30 121 10 134
10 116 21 108
10 123 11 110
24 104 10 112
25 137 10 105
13 112 10 115
16 112 10 118
22 114 10 130
21 118 10 121
10 121 21 106
14 112 10 95
10 119 22 113
10 115 29 94
10 128 25 112
10 123 24 116
10 125 19 107
10 121 20 85
27 87 10 79
18 104 10 109
10 114 13 98
10 117 23 105
10 102 30 94
29 96 10 103
10 136 25 111
10 117 18 124
10 112 27 101
15 99 10 100
27 86 10 92
10 125 15 104
16 109 11 89
11 110 21 105
11 119 22 114
26 110 11 116
13 105 11 109
11 108 25 103
15 96 11 84
11 102 20 107
11 93 15 102
11 116 23 114
20 111 11 116
11 108 19 101
11 120 26 113
30 103 11 109
11 126 14 97
26 107 11 97
14 87 11 107
11 107 13 97
22 104 11 101
11 88 27 84
19 110 11 108
27 121 11 103
29 91 11 93
11 103 29 94
11 107 12 103
15 91 11 107
11 107 18 104
14 95 11 112
13 140 11 132
11 102 17 98
19 111 11 112
27 130 11 99
21 116 11 108
11 122 30 123
11 115 16 102
24 105 11 111
11 79 25 96
25 116 11 103
24 100 11 116
29 117 11 114
25 105 11 119
11 94 27 104
17 128 11 121
11 100 19 95
28 107 11 113
23 104 11 118
11 130 15 81
11 106 13 122
11 116 18 111
21 111 11 107
11 87 29 89
11 112 28 109
12 104 11 101
11 118 21 110
11 115 24 124
11 130 14 110
18 105 11 129
11 116 26 81
28 106 12 99
12 103 15 112
12 76 29 97
12 90 16 87
12 97 22 84
12 107 18 103
23 85 12 112
12 123 17 86
30 106 12 123
14 103 12 107
13 91 12 103
25 123 12 111
29 122 12 119
12 96 16 83
12 106 28 90
15 96 12 84
27 106 12 92
12 106 26 108
18 88 12 102
12 116 17 120
16 103 12 100
22 86 12 95
19 86 12 91
12 116 24 97
12 104 30 118
24 94 12 97
26 108 12 97
12 89 13 91
12 89 14 87
21 98 12 101
22 102 12 105
16 101 12 93
12 108 20 105
12 102 25 111
17 99 12 104
30 99 12 100
12 99 27 91
12 94 28 101
12 111 21 115
12 91 23 75
12 92 19 84
12 94 22 114
23 102 12 115
20 87 12 92
28 111 12 98
12 102 20 90
17 92 12 97
26 104 13 111
13 114 26 109
13 102 24 96
13 94 15 92
24 118 13 104
25 102 13 91
13 80 28 91
13 91 29 102
13 111 19 90
13 107 18 99
13 102 25 87
13 103 22 101
18 106 13 110
17 95 13 109
13 103 17 90
27 115 13 107
13 99 21 100
14 84 13 94
29 104 13 109
30 91 13 108
19 89 13 95
13 130 23 99
25 98 13 109
13 114 19 111
13 104 16 90
13 103 26 110
20 88 13 116
28 112 13 94
13 105 14 93
13 102 18 108
22 93 13 107
16 93 13 100
23 92 13 98
13 105 27 86
13 124 24 84
26 107 13 117
13 103 21 98
21 120 13 108
13 101 20 94
27 108 13 87
15 113 13 102
19 109 13 105
13 96 25 94
18 79 13 99
21 119 13 117
13 114 30 109
13 103 14 81
14 81 13 91
29 99 13 102
13 110 15 84
24 114 13 105
14 111 18 112
26 132 14 114
20 99 14 95
16 101 14 88
22 101 14 99
24 120 14 101
14 91 28 102
14 93 25 107
25 108 14 96
23 103 14 91
30 104 14 108
28 102 14 93
18 123 14 122
27 109 14 87
14 113 17 95
21 118 14 78
14 85 21 120
15 112 14 96
14 93 23 84
14 97 24 77
26 118 14 115
14 113 21 117
14 74 29 86
14 95 19 91
29 109 14 82
14 93 26 112
14 95 27 108
25 121 14 103
14 119 18 115
19 96 14 99
27 106 14 102
14 113 27 119
17 108 14 101
15 128 14 119
14 95 15 112
14 107 22 98
14 87 20 90
14 98 26 106
14 90 24 95
14 107 15 100
24 119 14 107
14 88 30 101
29 123 14 75
14 102 16 100
19 110 14 102
21 112 14 79
14 101 29 96
26 89 15 103
25 115 15 96
29 89 15 79
15 101 25 100
18 106 15 114
15 122 21 114
27 92 15 82
15 92 23 84
19 104 15 113
15 83 27 103
15 95 24 93
15 88 21 125
16 100 15 97
15 112 30 95
23 90 15 104
30 100 15 91
15 99 16 90
29 92 15 87
25 78 15 91
21 112 15 94
15 103 20 95
15 101 19 99
18 106 15 101
15 108 22 102
15 103 17 83
15 121 26 117
19 95 15 110
20 85 15 91
15 106 25 112
15 109 18 104
28 98 15 85
24 111 15 106
15 104 26 98
15 94 29 88
15 100 24 109
15 121 19 114
15 108 18 114
17 96 15 86
24 97 15 103
27 110 15 104
15 87 27 101
15 95 28 99
22 119 15 107
18 84 16 96
16 96 28 76
16 92 29 91
16 91 18 103
16 116 26 109
16 96 23 91
16 95 20 78
20 78 16 97
16 97 21 95
16 103 30 114
16 94 28 108
16 116 25 109
16 94 19 88
22 101 16 108
30 75 16 97
16 90 20 98
24 95 16 103
29 98 16 83
21 99 16 74
16 79 17 91
30 106 16 87
28 101 16 81
17 103 16 107
16 101 27 119
16 114 30 94
20 81 16 98
16 108 24 92
23 102 16 112
16 103 23 98
17 114 16 108
28 112 16 104
19 99 16 113
27 112 16 88
16 108 22 97
26 106 16 112
25 110 16 93
22 112 16 109
16 118 22 96
17 97 20 122
17 113 30 118
28 106 17 87
17 91 23 87
20 92 17 99
30 115 17 86
17 118 26 129
22 114 17 90
27 95 17 70
17 106 20 91
17 90 25 88
28 90 17 83
24 95 17 101
17 113 23 100
17 90 28 111
21 131 17 123
18 85 17 95
17 98 27 123
20 100 17 88
30 106 17 101
19 116 17 99
17 107 22 100
26 111 17 104
25 107 17 95
29 84 17 81
17 99 30 92
17 116 18 101
17 96 21 104
17 103 19 92
17 89 28 107
17 85 29 94
17 105 24 94
17 113 22 110
23 108 17 109
22 107 17 98
18 101 25 106
22 104 18 101
18 100 23 95
26 91 18 101
18 93 22 96
18 103 25 109
24 108 18 101
20 107 18 102
18 99 26 95
18 83 27 108
27 101 18 95
18 94 29 80
23 109 18 99
18 96 21 101
21 113 18 93
18 117 24 87
19 114 18 99
18 123 21 126
29 103 18 90
25 96 18 93
18 102 19 116
18 117 28 112
18 95 20 103
28 114 18 105
19 110 18 112
18 98 30 104
18 91 27 116
21 96 18 99
24 107 18 104
18 113 26 104
30 129 18 132
18 84 29 93
18 121 24 116
29 98 18 85
26 97 18 105
25 105 18 106
18 144 19 109
25 112 19 94
19 94 22 103
28 100 19 81
20 95 19 87
21 110 19 103
19 104 27 90
19 122 24 116
24 114 19 120
29 101 19 87
19 107 30 105
25 105 19 101
29 94 19 104
24 104 19 88
19 115 25 89
22 104 19 89
26 97 19 109
19 114 26 105
27 110 19 97
19 100 29 96
21 121 19 95
19 121 23 114
30 109 19 89
19 123 21 119
19 86 27 94
19 94 29 106
19 115 26 112
26 108 19 123
19 112 25 117
19 91 28 115
19 99 20 91
27 100 19 92
23 107 19 93
19 100 24 121
30 110 20 117
20 84 27 94
28 109 20 111
21 90 20 93
22 100 20 91
20 99 23 87
29 106 20 85
26 99 20 97
25 110 20 112
23 97 20 107
20 99 22 107
27 100 20 99
20 119 23 113
20 118 29 111
20 122 21 128
28 103 20 93
20 102 24 84
20 108 30 111
20 95 28 122
20 108 22 95
20 85 25 104
24 97 20 128
30 99 20 89
20 80 26 88
23 102 20 109
20 89 28 93
21 112 27 106
22 136 21 139
21 98 28 103
21 124 24 103
30 101 21 125
21 102 23 85
29 89 21 111
21 98 26 95
29 90 21 94
21 104 29 98
21 106 25 90
21 110 24 106
21 104 26 116
25 115 21 110
21 114 30 98
21 117 22 114
24 106 21 122
26 116 21 131
27 93 21 85
21 128 25 94
23 97 21 111
21 113 29 91
21 111 27 92
28 100 21 119
25 120 21 115
26 114 21 112
27 102 21 98
22 87 30 88
22 92 28 87
23 97 22 105
22 102 29 93
30 108 22 99
22 91 26 97
29 94 22 103
24 107 22 104
22 102 25 94
30 103 22 91
22 99 30 105
22 103 28 106
22 87 23 96
27 107 22 92
22 96 27 98
23 115 22 124
22 130 23 116
22 84 24 102
26 100 22 107
25 121 22 84
28 105 22 100
23 71 29 99
23 103 28 119
27 92 23 83
23 68 27 119
28 96 23 76
24 104 23 111
29 95 23 91
26 105 23 110
23 95 28 108
23 114 25 89
23 113 24 103
30 106 23 94
23 110 26 114
23 94 30 103
30 116 23 108
23 94 30 99
25 108 23 105
28 122 23 98
24 110 25 92
25 90 24 101
24 118 26 97
27 98 24 84
28 102 24 107
30 109 24 106
24 96 25 106
29 110 24 89
27 112 24 79
26 142 24 119
24 89 27 117
24 97 28 104
24 89 29 98
24 111 27 118
29 103 24 69
26 116 24 94
24 99 30 106
24 86 29 101
24 101 26 105
29 92 25 108
25 101 27 113
27 93 25 80
26 94 25 98
29 109 25 96
25 99 29 85
30 98 25 108
25 112 26 97
25 103 28 110
25 115 29 111
28 117 25 115
25 116 30 109
27 118 25 110
25 105 26 93
26 107 25 115
26 88 27 106
26 107 28 101
26 114 29 106
28 94 26 104
30 113 26 99
29 101 26 103
26 92 27 108
27 104 26 94
26 99 29 108
26 120 30 111
30 102 27 99
28 97 27 94
27 118 29 81
27 114 30 95
27 123 29 98
29 78 27 96
27 102 28 95
29 86 27 88
29 93 28 89
30 82 28 84
28 94 30 91
30 88 28 97
28 106 30 89
28 104 29 94
30 103 29 89
29 114 30 93
