7 111 1 117
4 109 1 91
3 116 1 104
16 104 1 93
5 91 1 86
1 100 8 105
1 106 17 117
23 119 1 109
1 104 11 119
6 115 1 117
1 107 2 110
9 111 1 104
30 113 1 94
19 106 1 105
1 126 26 80
1 99 2 110
27 96 1 85
1 103 13 116
1 116 20 104
1 78 28 112
1 114 6 121
3 102 1 114
1 90 3 110
22 110 1 106
1 117 22 110
20 111 1 107
6 123 1 114
1 91 9 105
15 96 1 94
1 110 16 104
1 95 12 105
21 120 1 117
1 112 7 107
1 113 30 99
28 111 1 98
1 104 25 89
24 104 1 103
25 110 1 89
14 132 1 113
13 108 1 107
8 97 1 110
1 105 3 110
1 102 27 99
1 94 19 93
1 97 5 113
1 104 29 90
1 93 28 108
4 121 1 110
1 104 30 129
1 105 18 100
1 110 4 123
2 119 1 110
20 96 1 99
1 108 15 82
22 100 1 98
1 107 6 123
1 118 9 115
17 97 1 92
9 104 1 98
12 116 1 93
1 104 14 123
1 107 12 102
1 109 10 114
1 113 24 112
28 106 1 90
12 112 1 87
1 122 5 129
1 107 21 119
1 117 4 129
17 122 1 117
29 94 1 99
26 105 1 90
10 106 1 94
11 118 1 99
18 126 1 114
1 91 23 101
1 94 22 88
16 101 1 98
1 86 16 115
30 97 1 103
2 106 1 112
1 113 23 121
6 102 2 99
2 100 17 108
23 92 2 102
2 110 20 89
17 89 2 96
16 90 2 96
2 108 27 94
2 113 26 86
21 94 2 101
22 88 2 104
2 107 14 96
2 90 4 87
2 95 28 94
3 102 2 109
2 92 10 88
7 102 2 110
16 104 2 98
2 118 22 103
12 98 2 108
2 108 9 118
2 108 23 97
2 116 24 111
2 111 17 100
2 97 7 90
27 105 2 102
9 81 2 91
5 108 2 85
2 124 8 118
2 95 29 107
15 93 2 102
12 111 2 112
2 89 16 90
20 102 2 93
2 117 5 92
2 103 30 111
4 91 2 102
2 99 11 98
2 108 3 105
2 102 6 88
2 91 18 84
3 85 2 87
23 103 2 114
2 113 19 116
2 80 23 89
2 95 22 103
14 108 2 107
13 102 2 113
10 109 2 105
8 110 2 111
2 103 20 73
2 97 25 96
28 111 2 91
30 104 2 110
2 91 12 97
2 99 6 121
2 119 13 129
9 98 2 110
20 112 2 121
2 109 15 98
2 134 4 106
11 123 2 120
5 89 2 105
18 109 2 117
2 97 12 99
2 124 30 125
22 83 2 92
19 108 2 89
2 100 21 99
25 100 2 105
26 93 2 104
24 94 2 102
29 94 2 97
2 110 28 99
17 106 2 102
28 96 2 78
2 111 5 104
30 113 2 101
2 110 3 97
12 140 3 131
3 126 22 121
22 125 3 121
3 112 6 107
20 107 3 86
3 111 8 124
3 114 24 122
14 124 3 112
24 92 3 98
8 112 3 104
25 97 3 101
29 114 3 106
3 118 29 107
3 111 10 118
6 119 3 109
3 125 25 127
15 88 3 98
11 117 3 103
7 104 3 109
3 100 21 95
3 89 16 101
3 103 30 98
3 104 20 111
28 120 3 87
3 97 12 109
3 99 26 104
3 119 30 84
12 123 3 119
27 109 3 97
19 128 3 113
16 87 3 111
3 98 22 95
3 98 18 97
3 113 28 114
3 80 9 114
30 119 3 113
3 104 20 119
3 95 27 100
3 101 16 95
9 100 3 101
21 109 3 108
17 116 3 91
18 111 3 97
20 111 3 95
3 116 23 108
3 99 14 102
3 94 17 109
3 113 11 123
9 115 3 106
3 128 19 138
3 101 13 114
3 103 12 108
4 111 3 96
3 104 5 87
6 129 3 123
26 116 3 111
13 123 3 120
10 114 3 101
4 111 3 125
3 97 23 120
3 102 28 116
23 120 3 116
3 114 7 106
3 118 15 115
3 105 4 111
28 116 3 112
3 114 6 121
22 104 3 111
16 109 3 110
3 96 9 108
23 121 3 95
17 111 3 119
5 96 3 124
3 114 5 105
9 102 4 90
17 103 4 94
4 110 8 93
4 93 11 109
4 120 22 113
15 99 4 104
4 126 17 121
27 108 4 101
18 112 4 94
20 118 4 113
4 107 6 115
5 123 4 120
4 102 13 87
4 118 18 102
4 129 30 124
6 100 4 99
4 86 27 106
28 126 4 113
16 105 4 100
4 104 22 94
4 87 10 101
4 111 5 119
4 99 14 110
21 103 4 116
11 108 4 96
4 98 16 104
4 91 25 93
4 109 20 91
4 111 28 129
17 109 4 104
4 111 17 106
10 100 4 111
13 106 4 98
26 111 4 131
14 94 4 108
4 111 7 115
4 99 29 88
4 91 21 101
9 107 4 118
4 133 30 109
4 105 16 106
4 112 26 107
4 96 19 101
16 95 4 91
12 105 4 96
4 133 12 126
24 110 4 115
8 121 4 104
25 109 4 103
29 106 4 94
4 103 28 123
22 102 4 104
30 105 4 122
4 114 9 98
4 118 5 103
23 110 4 99
28 103 4 98
4 114 23 128
4 122 24 115
19 119 4 115
20 124 4 101
23 108 4 94
4 140 15 79
7 98 4 102
4 137 20 128
4 105 6 118
30 107 4 93
4 102 23 119
5 120 4 114
22 100 4 137
4 117 12 123
12 93 4 119
28 117 5 100
5 77 27 87
6 119 5 112
5 69 21 101
16 97 5 91
22 83 5 105
5 90 19 96
28 119 5 114
5 87 12 105
27 133 5 94
21 92 5 79
24 113 5 105
14 103 5 94
29 110 5 80
10 143 5 94
5 93 16 100
5 99 24 104
8 111 5 110
5 106 26 107
5 91 6 113
12 98 5 96
5 104 20 102
5 103 29 100
17 109 5 115
5 117 23 115
5 112 22 94
6 115 5 112
17 106 5 115
5 92 20 87
5 119 12 107
30 114 5 110
5 120 25 124
5 115 28 124
7 124 5 127
12 125 5 86
5 107 11 116
20 119 5 122
5 107 9 105
5 119 16 111
5 112 10 119
19 132 5 128
23 115 5 101
5 103 14 108
5 96 17 110
25 124 5 108
13 113 5 103
26 104 5 98
5 114 18 113
5 90 30 101
5 105 22 101
5 98 28 122
5 115 23 116
18 122 5 104
5 108 7 100
5 119 15 110
9 99 5 83
5 106 13 112
15 110 5 111
5 109 6 114
20 110 5 92
5 102 8 135
5 105 17 118
9 117 5 95
11 118 5 86
16 103 5 92
22 82 5 90
5 113 30 94
5 87 9 119
17 97 6 116
6 93 22 114
19 123 6 101
6 95 20 114
6 107 12 124
30 122 6 130
6 124 17 119
11 117 6 113
7 104 6 111
20 101 6 104
6 118 13 113
9 88 6 116
23 91 6 113
6 108 16 97
6 116 15 111
6 101 26 95
12 106 6 102
6 105 23 98
6 121 14 112
6 109 29 100
30 99 6 106
17 119 6 116
10 99 6 92
26 109 6 95
29 104 6 101
6 127 25 110
22 127 6 131
18 127 6 99
28 133 6 99
12 97 6 95
6 108 10 118
6 104 22 103
6 124 21 148
27 114 6 102
6 115 12 108
6 121 9 104
9 125 6 114
6 91 16 89
6 88 11 120
22 116 6 98
6 140 18 138
21 112 6 120
6 103 30 110
15 89 6 112
6 94 27 110
6 97 23 108
6 117 8 126
6 112 9 90
8 108 6 113
13 116 6 102
14 127 6 113
24 107 6 129
25 113 6 105
6 124 17 117
6 132 28 129
6 120 24 95
16 98 6 79
6 107 19 102
6 98 7 87
6 112 28 106
6 119 30 115
23 132 6 130
20 109 6 123
6 98 20 110
7 88 26 93
11 107 7 91
7 103 10 133
7 103 15 94
15 96 7 91
7 110 23 112
29 104 7 89
13 119 7 98
7 94 19 99
18 112 7 99
30 99 7 113
21 112 7 99
7 91 27 97
7 87 18 111
7 111 17 79
15 94 7 95
7 97 21 81
27 115 7 108
7 108 13 82
7 122 8 105
17 109 7 102
18 97 7 92
7 95 27 89
10 112 7 97
27 98 7 96
7 91 24 97
7 110 9 93
16 113 7 101
7 98 28 93
12 94 7 98
19 120 7 128
21 113 7 116
7 122 10 125
7 96 20 100
7 114 22 99
7 101 14 107
8 105 7 102
25 117 7 108
7 98 30 75
7 97 11 104
7 93 25 107
8 91 7 89
7 88 16 95
24 102 7 88
26 99 7 106
13 104 7 101
10 121 7 103
7 130 14 123
11 104 7 97
7 109 26 114
14 124 7 102
29 97 7 90
7 109 12 103
7 110 21 111
7 109 19 126
7 118 8 107
7 114 15 80
7 82 11 105
20 97 7 110
28 122 7 115
19 115 7 105
7 112 29 119
26 97 7 103
14 103 7 93
7 92 18 93
7 115 25 109
22 105 7 100
9 113 7 106
23 109 7 97
7 97 24 124
29 106 8 96
8 96 26 79
8 104 30 109
20 116 8 110
8 129 28 111
8 95 16 94
8 108 10 127
8 102 21 94
8 125 22 107
25 99 8 82
8 146 19 114
14 127 8 109
26 98 8 114
11 125 8 95
8 104 15 92
29 106 8 77
8 115 14 100
19 123 8 114
22 89 8 103
12 126 8 116
9 84 8 103
8 117 19 111
21 95 8 94
8 104 18 112
25 85 8 102
10 81 8 96
8 107 29 83
18 128 8 125
8 102 23 107
8 134 24 111
8 99 29 91
26 106 8 98
10 124 8 114
8 87 15 78
27 112 8 80
13 109 8 104
8 100 24 108
8 104 25 101
8 130 20 118
27 106 8 104
8 127 21 124
8 115 10 108
11 130 8 104
24 113 8 123
8 117 27 109
17 123 8 134
8 122 27 119
8 114 11 119
8 120 13 122
15 102 8 108
8 125 14 116
8 130 26 104
14 112 8 103
8 120 9 113
15 101 8 94
16 149 8 141
30 100 8 108
23 123 8 104
28 114 8 110
21 125 8 126
8 128 17 125
8 107 12 104
8 100 18 96
13 115 8 134
8 88 25 82
18 112 8 106
30 115 9 111
20 107 9 111
9 86 23 97
9 122 18 101
13 87 9 95
10 107 9 115
14 113 9 93
9 105 17 96
9 108 26 99
9 114 12 97
9 112 16 103
17 99 9 95
12 107 9 100
18 97 9 100
21 98 9 99
9 131 24 107
30 109 9 91
23 108 9 103
27 96 9 93
17 104 9 100
9 98 10 102
12 98 9 104
9 114 22 110
9 104 20 101
9 107 12 83
22 102 9 89
9 93 27 79
16 111 9 104
23 114 9 78
9 108 11 101
19 112 9 109
28 96 9 91
9 112 30 122
9 95 29 98
9 108 21 121
9 104 15 102
9 111 16 107
9 111 25 91
9 95 13 108
9 103 19 118
28 123 9 94
9 110 17 87
22 115 9 106
16 105 9 96
9 119 28 121
29 110 9 79
25 100 9 87
26 90 9 106
24 88 9 115
11 100 9 96
9 112 14 106
9 103 30 92
20 109 9 115
9 108 23 115
15 130 9 117
9 98 28 108
10 121 11 122
19 120 10 128
15 111 10 101
10 117 28 112
10 120 30 117
13 113 10 141
27 92 10 112
10 97 16 80
10 125 18 101
10 135 23 114
10 110 22 100
23 116 10 124
21 108 10 91
10 110 19 95
10 106 26 110
14 123 10 127
22 112 10 133
16 95 10 123
19 115 10 125
10 111 25 104
14 114 10 116
10 97 15 84
10 113 14 106
10 126 29 101
10 141 15 128
11 114 10 124
13 105 10 121
10 106 13 125
17 94 10 108
28 125 10 127
11 116 10 108
10 123 20 112
10 126 18 113
29 129 10 99
26 104 10 119
10 105 21 125
10 122 27 105
10 129 24 83
25 123 10 117
10 134 13 127
10 112 21 80
20 111 10 125
30 101 10 109
10 110 27 107
25 125 10 108
18 109 10 103
10 117 14 106
10 93 26 98
24 109 10 124
27 89 10 75
10 91 29 110
10 81 12 92
10 107 17 116
26 96 10 112
10 117 24 107
21 107 10 111
12 126 10 106
10 120 19 126
24 100 10 117
29 119 10 79
26 100 11 105
11 90 15 98
23 104 11 105
15 103 11 89
11 107 23 115
20 97 11 119
11 137 29 110
11 111 15 96
12 95 11 118
11 113 28 129
24 116 11 142
15 83 11 105
11 117 20 102
11 118 12 97
14 95 11 118
29 101 11 112
25 117 11 124
11 130 19 123
11 124 27 109
11 115 17 111
11 120 29 99
11 116 14 122
11 118 13 128
21 112 11 107
30 121 11 103
11 148 14 142
22 98 11 116
11 121 25 112
24 95 11 112
13 113 11 102
11 116 18 98
11 99 16 90
19 115 11 113
11 113 24 102
11 114 22 107
27 91 11 102
16 101 11 109
18 108 11 126
11 100 26 91
11 120 18 102
29 85 11 96
13 92 11 105
21 112 11 122
17 99 11 110
28 108 11 105
11 109 27 93
11 101 13 96
19 101 11 107
18 120 11 129
25 111 11 115
11 114 19 91
11 104 24 103
27 100 11 83
11 120 30 104
11 96 25 94
11 102 21 108
14 99 11 105
26 96 11 83
12 96 25 114
16 112 12 108
18 107 12 130
21 114 12 96
12 97 27 94
12 101 26 83
23 121 12 110
20 108 12 101
12 112 19 117
15 113 12 116
16 95 12 120
22 97 12 105
12 107 28 104
12 121 22 109
28 120 12 115
12 115 20 97
12 95 21 100
12 90 18 107
17 122 12 101
12 109 17 96
12 106 16 114
24 97 12 120
29 94 12 109
25 100 12 86
14 99 12 86
27 86 12 94
12 116 24 101
12 114 22 112
12 105 15 101
12 100 23 92
12 102 30 111
19 96 12 92
12 121 20 113
17 96 12 103
30 95 12 98
12 92 17 89
12 84 29 104
23 98 12 101
12 99 28 106
30 109 12 102
12 110 14 100
12 109 13 104
12 113 16 107
26 103 12 106
13 104 12 111
28 92 12 73
14 92 13 108
13 130 24 88
13 102 29 84
25 103 13 104
13 104 15 113
13 101 16 104
27 120 13 107
21 120 13 111
19 111 13 103
13 105 23 109
20 107 13 85
26 95 13 97
13 120 14 115
13 107 29 126
18 112 13 106
13 107 18 113
13 113 30 112
13 96 28 91
22 95 13 106
30 100 13 91
16 90 13 85
27 109 13 91
13 108 24 95
15 115 13 112
13 122 26 95
14 106 13 121
13 113 15 105
13 117 21 127
26 115 13 121
13 126 26 105
29 125 13 113
13 118 18 126
15 100 13 109
19 103 13 112
13 96 25 104
23 112 13 98
24 117 13 128
13 128 20 105
13 116 19 121
13 113 22 105
21 121 13 113
13 109 25 122
18 123 13 109
17 120 13 127
28 106 13 117
13 105 17 98
24 99 13 111
25 105 13 96
13 113 27 110
29 117 13 95
13 100 19 113
13 100 14 115
24 130 14 132
14 112 19 119
14 102 30 99
14 92 28 101
29 96 14 81
25 113 14 110
14 107 15 102
30 111 14 95
17 98 14 90
24 93 14 100
14 109 23 115
14 113 24 122
26 113 14 102
23 104 14 107
20 113 14 109
14 92 25 95
14 104 18 121
14 99 15 109
18 114 14 96
14 96 21 133
14 99 26 86
14 93 27 81
15 123 14 114
21 114 14 90
14 127 20 107
28 123 14 111
22 127 14 105
21 104 14 108
14 112 24 93
14 106 21 81
19 139 14 117
18 119 14 111
26 108 14 113
16 113 14 131
27 112 14 116
14 103 25 108
14 108 22 107
14 91 16 92
19 128 14 125
15 93 14 100
14 122 17 124
14 83 26 84
29 117 14 110
14 122 27 112
14 96 18 113
14 97 29 112
15 103 19 91
15 99 22 101
25 97 15 98
17 110 15 103
15 92 25 100
27 104 15 95
15 79 27 95
15 95 18 92
20 99 15 88
15 107 28 116
15 101 21 102
15 82 16 107
30 93 15 87
24 97 15 95
24 99 15 97
26 96 15 114
15 100 30 102
15 105 19 102
15 105 20 99
15 106 26 88
19 111 15 104
15 105 23 101
15 85 27 108
15 120 24 109
28 101 15 86
15 88 29 92
21 110 15 92
15 114 21 121
16 115 15 89
15 102 24 110
22 107 15 100
27 100 15 98
15 78 29 95
15 103 17 121
23 119 15 105
18 93 15 101
15 108 25 103
29 107 15 97
25 113 15 98
19 123 15 95
15 93 26 94
18 113 15 94
21 137 15 123
22 116 16 109
16 100 27 117
16 122 18 125
24 115 16 126
29 74 16 84
16 93 30 102
30 88 16 91
18 97 16 109
20 115 16 86
27 117 16 105
16 95 25 102
16 94 19 109
16 107 22 89
22 111 16 117
16 107 20 103
16 103 29 102
28 89 16 90
16 97 17 79
17 101 16 106
16 88 26 89
23 103 16 97
16 109 22 111
16 91 17 85
28 115 16 112
23 104 16 102
19 124 16 123
16 102 23 101
16 125 24 103
30 117 16 113
16 108 23 99
16 129 30 102
25 115 16 99
26 123 16 119
16 119 20 98
21 105 16 99
20 122 16 98
16 93 21 115
16 116 28 109
17 113 25 110
17 91 21 110
27 87 17 94
17 88 30 99
24 107 17 113
29 121 17 108
26 87 17 112
25 91 17 103
17 109 26 104
17 117 29 100
19 115 17 108
17 102 18 96
21 95 17 97
28 131 17 127
17 110 28 129
30 103 17 110
17 110 22 103
30 95 17 104
23 116 17 94
17 109 24 105
17 107 23 95
18 108 17 89
17 92 20 90
20 89 17 103
22 104 17 111
28 119 17 122
17 121 19 123
17 104 30 107
17 118 23 110
17 120 20 112
22 126 17 117
17 106 27 103
20 102 17 115
17 102 22 86
23 130 17 95
27 107 18 99
18 100 29 97
21 113 18 115
18 119 21 116
19 98 18 104
24 118 18 110
29 98 18 109
18 98 27 86
18 124 22 118
18 119 24 108
18 89 30 92
19 102 18 120
21 111 18 107
18 112 23 118
18 119 26 96
18 106 24 108
18 108 25 107
24 106 18 115
18 116 19 98
18 104 21 88
18 118 20 108
18 120 25 103
22 108 18 102
18 115 28 109
25 123 18 114
28 109 18 104
18 118 19 107
18 111 26 106
26 100 18 118
25 108 18 99
29 116 18 108
30 111 18 116
27 117 18 101
20 104 18 108
23 120 18 108
18 97 29 121
25 103 19 93
26 106 19 114
19 99 22 115
28 122 19 118
19 116 28 125
19 114 21 107
19 107 27 90
24 91 19 115
29 114 19 108
25 116 19 123
19 109 26 116
19 131 23 124
30 116 19 106
22 97 19 111
19 103 20 105
29 98 19 108
19 119 25 113
20 118 19 123
19 103 26 114
21 100 19 114
19 109 29 133
23 100 19 82
19 125 24 116
27 116 19 121
26 101 19 114
19 97 30 116
19 99 29 116
27 98 19 93
19 103 25 107
19 104 21 109
24 103 19 122
19 122 27 98
21 105 20 84
20 120 24 107
22 112 20 99
20 118 26 91
20 106 29 101
28 107 20 84
20 108 28 100
20 91 25 103
20 100 22 105
20 111 21 96
20 98 23 105
27 119 20 107
20 91 27 100
30 121 20 103
29 115 20 117
24 85 20 107
28 113 20 88
23 108 20 92
20 113 30 118
22 113 20 120
26 102 20 99
25 111 20 87
20 106 28 132
20 110 23 118
30 97 20 101
23 118 20 101
20 73 22 97
29 96 21 87
25 103 21 99
26 94 21 86
27 104 21 101
22 121 21 108
21 90 27 87
21 100 29 94
23 117 21 119
21 107 29 79
29 89 21 103
21 124 28 107
24 114 21 100
21 106 25 117
21 95 26 88
21 121 30 112
21 122 23 112
30 102 21 96
26 107 21 110
21 112 22 105
24 116 21 124
25 108 21 100
21 115 24 87
21 104 27 94
21 106 26 101
28 125 21 132
21 105 25 108
27 103 21 99
22 114 27 87
24 112 22 128
25 99 22 94
22 85 29 125
23 130 22 111
22 88 25 95
30 130 22 103
30 125 22 119
22 99 26 105
22 98 30 115
23 116 22 105
22 104 28 117
29 94 22 80
26 94 22 88
27 108 22 72
22 86 28 93
22 98 23 118
22 105 24 99
28 112 22 101
22 101 30 92
30 120 23 115
28 128 23 94
29 97 23 104
26 109 23 108
23 107 29 86
23 101 25 81
23 118 30 113
23 101 24 115
23 95 26 101
23 109 28 114
28 102 23 86
25 114 23 110
24 110 23 123
23 112 27 106
23 117 28 111
27 78 23 97
23 115 30 102
30 109 23 94
24 76 25 124
24 117 26 115
24 97 29 88
25 114 24 107
30 116 24 122
27 112 24 95
28 126 24 113
24 99 30 109
24 101 27 104
26 99 24 92
24 109 28 115
26 101 24 111
27 103 24 89
25 118 24 111
24 97 29 129
24 81 27 129
29 107 24 97
24 104 25 106
29 116 24 88
24 97 26 94
25 85 28 99
29 112 25 103
26 86 25 82
25 102 26 90
30 105 25 108
25 92 30 106
25 91 27 93
25 111 27 110
28 130 25 105
26 100 25 118
25 96 29 115
29 81 25 100
25 116 26 99
27 116 25 105
25 102 29 93
26 83 30 110
30 110 26 92
26 87 28 102
28 108 26 93
26 99 27 108
26 100 27 107
26 105 29 120
27 113 26 98
26 91 29 98
29 103 26 97
27 98 26 85
27 101 28 97
29 100 27 89
28 86 27 83
27 111 29 120
29 101 27 99
27 98 30 90
27 124 29 120
30 116 27 106
29 100 28 109
28 96 30 107
28 100 30 91
28 93 29 97
30 122 28 119
30 95 28 102
29 116 30 69
30 104 29 107
