1 114 30 99
23 72 1 104
1 106 26 95
1 116 14 123
30 95 1 92
1 112 11 97
6 106 1 110
1 115 5 107
1 117 23 96
16 90 1 93
1 107 17 100
4 100 1 96
20 104 1 94
1 94 19 112
12 85 1 96
29 95 1 68
14 109 1 94
10 105 1 100
24 109 1 107
1 85 9 121
28 128 1 84
1 99 21 102
1 103 16 95
17 110 1 114
1 120 22 131
28 121 1 125
1 99 4 107
21 108 1 110
1 84 18 92
8 108 1 109
18 104 1 90
1 102 20 98
1 105 9 98
1 114 27 112
22 92 1 111
19 94 1 99
7 82 1 97
3 97 1 117
1 101 2 103
1 111 17 98
20 107 1 108
9 118 1 95
1 102 5 93
1 110 23 93
1 105 13 115
5 114 1 119
1 86 30 112
1 142 20 139
16 116 1 93
11 108 1 113
1 113 22 86
1 95 29 120
1 117 8 106
26 108 1 107
25 104 1 109
13 99 1 84
1 90 16 108
22 105 1 86
2 98 1 114
1 100 7 95
1 130 6 135
1 96 12 97
1 111 10 119
1 110 3 105
1 105 28 99
15 90 1 107
27 107 1 99
1 91 15 103
1 97 25 113
4 105 1 90
30 104 1 100
17 100 1 97
1 92 3 107
1 95 24 91
23 92 1 99
5 106 1 104
3 91 1 82
1 123 2 116
6 100 1 114
1 126 6 125
1 103 4 76
12 104 1 86
2 122 3 117
5 105 2 99
4 98 2 104
2 107 5 100
6 128 2 122
2 107 8 123
30 118 2 93
2 115 20 87
12 99 2 105
19 106 2 105
2 90 7 83
2 88 10 104
9 92 2 94
18 93 2 99
3 92 2 111
2 103 27 109
16 104 2 112
2 114 9 121
2 97 26 92
23 106 2 107
11 107 2 106
22 87 2 117
2 94 28 101
21 99 2 96
27 108 2 101
2 96 4 88
16 95 2 105
15 109 2 112
12 102 2 109
2 112 21 117
20 114 2 119
2 113 15 103
6 124 2 118
2 117 16 114
2 115 29 104
2 110 23 106
2 117 19 108
28 114 2 106
2 117 30 108
2 108 4 98
2 106 20 117
2 123 25 127
30 123 2 108
2 120 11 109
2 128 22 98
17 108 2 112
2 113 9 109
2 109 28 104
2 113 14 107
2 107 13 102
26 108 2 92
25 111 2 120
29 104 2 112
7 98 2 111
2 116 23 108
5 104 2 103
28 107 2 97
9 98 2 104
2 103 6 99
14 95 2 115
24 109 2 106
13 116 2 102
10 86 2 99
8 119 2 99
2 100 5 80
2 117 18 104
3 95 2 98
23 105 2 99
2 110 30 102
2 109 12 100
2 130 24 120
2 112 16 108
2 100 17 103
2 117 22 116
20 94 2 110
2 91 6 114
4 114 2 121
2 114 3 105
2 112 17 94
3 103 12 94
17 110 3 108
3 88 5 118
3 109 9 101
3 95 4 99
3 119 18 110
20 110 3 96
24 104 3 122
13 127 3 95
14 125 3 118
21 124 3 105
3 109 25 129
12 118 3 97
3 105 26 122
3 127 13 122
3 93 17 111
17 112 3 103
3 113 30 118
3 116 8 111
27 130 3 101
11 122 3 118
3 107 14 97
22 118 3 111
23 108 3 107
28 116 3 104
3 101 10 117
6 119 3 99
3 120 4 118
5 101 3 99
30 118 3 95
3 89 29 101
12 121 3 109
3 108 6 116
3 95 23 105
3 95 19 104
28 132 3 113
3 112 11 137
3 109 28 119
19 114 3 143
4 112 3 105
3 86 27 112
3 106 16 109
6 124 3 116
18 129 3 109
16 104 3 96
3 90 20 95
3 97 12 106
3 95 28 103
4 111 3 107
3 110 30 114
3 99 16 108
3 103 15 112
3 125 17 129
8 129 3 109
10 112 3 95
26 100 3 109
29 112 3 97
25 130 3 116
15 109 3 122
7 105 3 96
3 120 20 112
3 104 21 122
20 110 3 121
3 104 7 111
3 98 9 96
3 126 24 98
30 129 3 108
3 101 23 106
9 90 3 89
3 121 22 111
23 118 3 141
22 115 3 107
3 107 5 106
5 112 3 73
17 96 4 107
16 91 4 97
4 109 23 93
4 122 12 100
4 104 29 98
4 111 28 113
6 100 4 93
18 108 4 115
19 121 4 116
4 90 15 105
4 114 27 119
20 113 4 111
4 107 20 102
15 85 4 104
4 89 9 112
4 97 7 87
4 120 18 125
7 101 4 109
4 87 9 77
4 109 22 88
6 116 4 105
12 110 4 94
30 109 4 106
4 117 14 113
4 103 5 91
22 101 4 120
4 91 16 82
4 109 6 121
5 118 4 111
4 123 21 112
9 115 4 114
27 102 4 85
11 121 4 114
23 102 4 93
4 107 25 85
4 113 28 78
4 99 30 109
4 103 10 113
20 110 4 107
4 106 26 109
25 115 4 98
10 126 4 111
29 105 4 98
4 95 11 107
4 102 13 107
4 99 23 105
28 90 4 85
9 114 4 108
26 85 4 99
13 124 4 121
14 104 4 109
24 120 4 103
8 102 4 112
4 100 12 88
16 108 4 101
4 121 22 81
4 122 19 125
4 109 5 115
12 98 4 77
4 98 30 93
22 102 4 109
4 105 6 112
4 120 24 106
4 108 17 118
28 106 4 110
4 122 8 114
21 101 4 113
30 118 4 111
4 99 16 112
17 89 4 79
5 118 12 101
5 104 20 117
12 111 5 94
5 112 22 80
16 95 5 98
5 106 30 95
25 88 5 113
29 77 5 85
13 102 5 95
14 110 5 118
8 110 5 107
23 89 5 105
5 90 14 96
5 111 6 105
7 107 5 82
5 110 25 112
9 102 5 91
5 95 27 91
5 105 16 100
5 94 18 99
17 108 5 97
5 69 17 95
5 113 9 82
5 97 30 107
27 119 5 100
5 90 12 85
12 111 5 101
5 96 17 116
6 94 5 106
5 123 28 118
5 94 21 109
30 101 5 99
20 104 5 89
5 107 19 99
15 104 5 108
5 98 7 99
5 102 26 99
22 92 5 100
5 88 16 100
5 121 23 108
21 100 5 128
11 121 5 117
26 107 5 112
10 123 5 92
24 115 5 97
18 117 5 89
5 105 28 94
5 128 24 121
6 99 5 117
5 107 8 125
5 94 10 87
5 91 13 101
9 109 5 95
22 98 5 91
5 94 11 115
5 91 15 98
30 112 5 107
5 95 29 86
28 122 5 120
5 117 9 95
5 107 23 117
17 94 5 109
5 99 6 93
19 110 5 117
20 100 5 91
23 90 5 102
5 122 22 75
6 117 20 88
28 91 6 94
6 105 22 99
6 128 11 120
23 101 6 102
30 94 6 105
6 121 28 117
12 103 6 93
6 104 9 81
6 137 25 125
6 128 7 90
23 108 6 112
17 118 6 101
6 94 13 113
28 112 6 116
20 94 6 126
6 114 16 84
6 103 15 86
15 93 6 85
6 119 14 108
17 108 6 114
6 113 17 102
6 109 10 108
9 106 6 90
6 90 19 82
24 116 6 120
29 100 6 92
25 102 6 86
26 108 6 120
10 126 6 91
6 118 24 103
6 115 27 118
19 124 6 122
6 112 26 116
6 107 21 91
7 104 6 97
6 125 18 97
20 104 6 111
30 135 6 140
12 117 6 132
21 118 6 109
6 125 8 109
18 108 6 116
6 113 12 104
6 119 20 104
6 102 17 95
16 120 6 92
6 98 16 106
9 106 6 101
22 104 6 116
11 117 6 112
6 128 9 96
6 91 29 83
13 108 6 78
14 120 6 125
8 126 6 113
6 115 30 127
27 103 6 74
6 122 23 105
6 135 12 130
6 122 22 102
16 124 6 121
6 83 28 98
12 130 7 121
7 98 11 106
11 93 7 92
29 97 7 81
7 95 25 105
7 86 17 75
14 97 7 109
10 116 7 95
20 93 7 77
7 64 15 80
22 95 7 87
27 96 7 91
7 104 13 124
7 91 19 81
7 87 27 94
7 89 26 120
7 111 12 103
11 109 7 87
7 112 8 92
7 85 9 95
29 103 7 100
7 99 26 79
8 117 7 107
25 95 7 96
13 88 7 90
19 111 7 104
7 107 11 123
14 89 7 101
10 108 7 99
7 113 30 105
7 95 24 102
18 101 7 92
24 108 7 113
7 98 18 87
16 99 7 95
7 107 29 112
7 122 14 73
7 103 20 95
21 109 7 98
27 101 7 105
7 113 23 95
25 104 7 108
8 110 7 87
7 113 25 114
7 112 29 105
7 112 22 80
9 98 7 91
18 97 7 84
7 96 19 83
7 96 16 89
7 104 15 100
7 104 21 89
7 122 14 111
7 98 24 100
28 100 7 78
30 107 7 112
23 116 7 74
7 87 10 112
7 97 13 95
7 86 28 94
7 91 21 92
19 121 7 118
15 99 7 90
17 105 7 109
26 98 7 87
13 112 7 101
7 89 27 102
24 124 7 111
7 91 8 109
15 93 7 100
19 102 8 107
8 113 25 115
28 105 8 102
18 99 8 102
9 103 8 86
15 108 8 107
8 101 10 125
8 95 9 106
25 112 8 105
8 120 24 104
8 111 28 113
8 105 29 91
29 108 8 83
8 129 21 132
24 114 8 120
8 98 16 106
8 110 11 128
29 105 8 98
23 98 8 106
30 92 8 85
22 113 8 121
8 132 25 120
8 127 20 114
13 119 8 102
13 102 8 106
8 105 18 103
8 122 23 124
10 127 8 119
8 113 26 120
8 99 27 127
21 121 8 106
8 140 12 112
8 125 22 112
14 121 8 127
27 118 8 104
8 123 13 98
18 111 8 108
8 103 29 93
8 127 24 120
24 112 8 123
14 120 8 116
8 99 15 119
8 121 17 117
27 121 8 97
20 123 8 131
8 132 10 110
8 99 18 112
26 116 8 100
8 98 15 105
17 98 8 110
8 108 26 96
8 113 30 123
26 92 8 105
8 129 14 101
8 129 13 114
8 105 11 109
11 125 8 124
12 117 8 125
8 90 19 115
25 122 8 113
16 113 8 116
19 131 8 134
11 110 8 104
8 122 19 106
8 105 21 106
21 105 8 111
28 109 9 91
9 108 22 82
9 98 17 83
9 102 20 89
13 114 9 82
24 107 9 100
27 96 9 86
9 104 21 88
20 105 9 102
9 96 11 99
9 107 16 84
9 108 13 97
21 106 9 88
9 92 22 98
18 90 9 117
9 79 23 97
30 122 9 108
9 90 12 105
9 86 15 98
9 113 10 119
9 94 17 119
16 98 9 107
9 116 12 121
25 124 9 125
26 100 9 94
10 127 9 107
29 110 9 77
14 97 9 102
9 113 30 112
9 104 26 109
16 116 9 103
9 118 19 98
9 116 18 108
12 105 9 84
9 113 23 96
9 121 14 102
9 92 27 103
28 101 9 102
17 102 9 89
9 120 25 113
19 109 9 86
23 106 9 136
12 115 9 98
9 112 20 92
9 83 29 97
9 75 28 87
9 112 24 95
22 115 9 87
20 109 9 95
9 96 16 97
17 108 9 105
9 102 28 105
11 109 9 114
15 90 9 103
9 101 30 105
22 113 9 109
10 100 27 129
19 114 10 122
24 100 10 106
25 104 10 127
10 122 21 96
14 117 10 97
10 116 19 106
10 133 24 120
28 121 10 127
17 121 10 124
12 83 10 120
10 149 14 106
14 85 10 109
10 115 18 102
10 127 11 132
10 138 24 109
10 142 12 106
13 98 10 115
29 99 10 106
15 110 10 89
18 108 10 116
19 109 10 113
10 103 20 90
10 135 25 90
10 104 29 74
10 121 28 111
10 125 25 117
10 119 15 128
26 106 10 117
10 107 16 95
10 121 21 100
11 108 10 125
22 98 10 118
16 105 10 102
10 144 13 98
25 111 10 113
13 120 10 133
26 109 10 106
15 107 10 122
21 114 10 130
10 109 26 86
10 123 13 113
23 108 10 119
30 112 10 108
20 105 10 112
18 103 10 102
27 107 10 85
10 106 23 104
10 122 22 92
10 117 17 92
21 95 10 111
10 114 26 100
10 106 15 94
11 106 10 113
27 98 10 110
10 107 11 98
10 139 30 115
10 121 18 107
24 111 10 120
10 123 19 101
10 99 29 105
10 109 14 94
14 120 11 114
20 99 11 118
30 106 11 114
27 99 11 101
11 100 27 106
11 115 23 88
21 105 11 103
11 126 25 109
11 111 29 102
11 102 28 115
26 104 11 117
25 114 11 130
29 120 11 101
11 134 14 95
21 99 11 102
11 132 26 98
11 122 19 100
18 109 11 111
11 100 27 102
24 111 11 125
15 115 11 109
11 131 24 115
11 140 13 116
11 129 20 122
11 101 30 91
11 118 21 116
22 93 11 100
28 122 11 129
18 119 11 105
11 105 15 110
16 109 11 103
11 111 17 92
15 95 11 119
17 127 11 114
23 118 11 123
12 120 11 101
11 105 26 83
11 128 22 104
11 133 24 102
11 109 16 117
19 99 11 129
11 142 18 130
11 108 12 117
13 103 11 122
11 123 15 108
27 112 11 110
11 108 29 115
11 139 14 100
19 128 11 112
11 117 19 107
11 137 21 125
25 117 11 107
24 116 11 123
26 128 11 135
13 125 11 96
11 123 18 118
12 115 14 108
17 125 12 107
12 122 23 115
23 109 12 105
12 88 22 69
12 96 24 116
21 111 12 115
12 91 13 70
25 131 12 109
13 102 12 111
24 94 12 109
12 118 25 111
16 95 12 89
19 102 12 95
12 107 30 105
20 118 12 111
30 111 12 105
12 117 22 104
12 123 20 109
12 98 19 95
26 100 12 106
14 108 12 95
29 109 12 100
12 103 20 109
18 103 12 109
12 115 26 111
22 88 12 98
12 93 21 90
30 112 12 107
12 100 17 116
12 106 27 110
12 98 30 111
12 102 15 92
16 113 12 95
27 100 12 99
17 99 12 85
12 102 16 98
20 87 12 81
28 116 12 91
12 107 29 100
12 107 23 94
12 114 18 115
15 110 12 97
28 111 12 100
12 108 28 90
12 104 17 89
22 112 12 127
23 111 12 120
25 106 13 114
13 88 29 75
13 116 24 98
13 83 21 85
15 88 13 99
27 92 13 116
13 111 25 80
21 108 13 110
18 105 13 119
13 107 15 111
26 115 13 121
13 123 28 115
19 96 13 114
13 133 19 105
13 121 25 120
22 108 13 113
16 98 13 102
30 117 13 110
13 106 27 101
14 111 13 102
19 102 13 98
21 114 13 88
13 109 24 98
13 115 15 106
26 98 13 106
13 98 16 86
13 105 22 96
13 113 14 97
13 120 21 98
13 101 18 104
23 121 13 110
24 114 13 124
28 118 13 109
20 115 13 119
29 72 13 88
13 97 27 105
17 112 13 101
18 107 13 91
15 98 13 114
13 112 23 100
29 114 13 108
13 96 17 97
13 114 20 105
14 109 13 133
13 108 29 95
13 97 26 98
13 133 30 124
24 118 13 124
13 115 14 104
27 87 13 98
13 115 26 95
29 96 14 89
21 113 14 96
14 119 24 108
26 91 14 101
19 99 14 126
18 125 14 99
14 107 27 116
14 111 21 109
19 105 14 88
28 113 14 80
15 103 14 100
14 101 29 107
14 115 24 119
14 112 20 118
26 116 14 92
23 89 14 100
16 115 14 107
22 109 14 90
14 100 29 102
14 114 28 123
14 116 15 102
25 118 14 109
14 127 16 100
14 111 22 95
14 87 25 108
27 134 14 94
25 105 14 98
29 96 14 88
30 116 14 108
20 107 14 121
17 114 14 122
14 96 26 97
24 137 14 101
21 110 14 93
14 98 27 119
14 97 19 105
24 110 14 122
14 116 23 118
14 103 17 107
14 130 18 119
14 81 25 97
14 108 30 119
18 119 14 104
14 108 15 103
27 95 14 102
14 98 26 94
14 110 18 109
14 108 19 96
15 102 18 98
20 111 15 104
15 112 30 103
18 116 15 80
15 89 19 83
15 94 25 100
17 106 15 96
29 96 15 102
15 93 18 71
23 99 15 104
15 81 16 90
16 107 15 110
28 120 15 105
15 95 22 94
19 108 15 110
15 96 23 91
15 88 25 86
15 92 26 96
15 73 29 82
22 112 15 102
15 114 21 80
26 98 15 112
15 88 29 79
21 103 15 95
30 104 15 101
15 107 26 91
15 101 28 99
25 112 15 109
29 95 15 102
24 96 15 115
21 114 15 102
18 99 15 107
15 89 27 74
15 110 24 91
15 91 19 95
15 130 24 112
15 113 17 93
15 104 27 96
19 95 15 82
27 97 15 90
26 91 15 90
27 95 15 89
15 100 21 103
15 101 20 88
22 96 16 108
16 99 27 106
16 108 26 96
28 96 16 87
21 97 16 85
16 91 29 102
27 94 16 90
16 96 17 73
30 111 16 114
23 101 16 94
29 110 16 111
25 99 16 92
16 103 20 114
16 112 30 101
16 130 22 136
19 91 16 87
16 94 21 106
24 99 16 90
26 102 16 107
17 116 16 108
16 109 17 97
16 125 23 102
18 113 16 115
17 88 16 106
23 117 16 109
16 107 22 116
16 125 23 98
22 110 16 99
16 104 28 89
16 120 19 112
16 123 18 105
16 104 25 115
16 112 24 97
16 84 28 101
20 88 16 105
16 94 20 98
28 96 16 94
30 103 16 106
16 110 30 102
19 113 17 117
17 117 26 91
17 106 19 112
17 93 22 89
17 99 28 105
22 96 17 104
17 96 27 97
17 115 25 107
30 110 17 105
28 122 17 100
17 123 30 96
30 107 17 102
18 116 17 99
17 98 21 94
20 104 17 105
17 111 20 116
17 101 30 107
27 107 17 109
17 104 23 113
22 112 17 96
17 109 23 114
28 102 17 86
29 104 17 88
24 112 17 137
17 95 29 109
17 100 24 96
17 101 28 94
23 98 17 112
17 104 20 93
17 102 18 95
25 90 17 93
26 98 17 116
21 110 17 79
23 82 17 90
26 106 18 103
21 112 18 92
22 107 18 123
18 110 23 86
19 117 18 96
24 85 18 98
18 103 29 112
18 104 20 106
20 118 18 114
18 91 27 105
28 124 18 110
18 115 24 108
18 105 26 109
21 112 18 100
18 89 25 95
23 93 18 91
30 112 18 105
18 92 29 94
18 96 21 86
27 122 18 114
24 111 18 112
18 111 22 105
18 112 28 109
18 106 19 122
26 88 18 102
29 80 18 107
27 97 18 90
18 110 25 109
18 119 30 104
19 123 18 109
18 93 27 100
25 112 18 100
18 117 26 123
25 105 18 98
29 120 18 113
18 98 21 100
27 98 19 79
19 111 24 112
26 102 19 94
22 89 19 82
19 113 25 101
25 119 19 104
21 101 19 92
19 88 23 99
24 119 19 120
27 113 19 100
23 93 19 108
19 110 21 121
19 104 20 92
20 96 19 110
19 118 22 98
19 105 21 114
19 119 27 103
19 94 30 107
28 108 19 106
30 105 19 91
19 111 24 106
19 94 29 127
26 105 19 99
24 108 19 110
21 118 19 110
19 98 27 101
29 88 19 83
19 87 28 94
19 100 25 77
29 108 19 100
19 117 26 89
25 100 19 103
20 109 29 114
28 118 20 107
30 119 20 112
20 107 25 103
20 103 21 112
20 106 26 98
26 100 20 103
24 113 20 111
20 106 22 95
20 103 22 115
23 98 20 97
28 116 20 101
20 110 30 113
20 105 24 107
30 117 20 101
20 94 27 90
21 116 20 105
20 110 23 109
20 91 28 92
22 90 20 101
23 105 20 102
22 105 20 113
29 108 20 101
25 110 20 95
27 106 20 98
20 103 30 106
20 97 28 110
20 114 23 113
23 97 21 103
21 113 24 110
21 102 28 112
21 117 22 119
26 116 21 101
21 126 30 115
25 114 21 95
29 109 21 89
21 114 24 101
26 118 21 122
29 95 21 97
27 108 21 94
21 105 25 99
30 120 21 98
21 109 29 106
25 114 21 109
24 118 21 111
21 121 25 126
21 102 27 92
21 112 29 104
28 102 21 123
21 110 26 94
21 122 23 97
22 106 21 114
21 95 27 100
24 120 21 99
23 101 22 103
22 102 26 94
22 88 30 86
22 74 29 87
22 87 24 92
22 91 30 94
27 83 22 95
23 88 22 105
30 116 22 124
22 79 28 109
25 109 22 115
29 114 22 107
28 113 22 114
22 102 28 94
22 111 23 112
22 79 27 107
22 103 25 112
30 115 22 114
26 120 22 115
24 103 22 109
22 112 23 109
28 131 22 112
23 84 29 109
23 109 30 102
23 120 24 105
28 122 23 95
23 122 26 119
23 114 28 123
24 123 23 116
26 102 23 100
29 100 23 83
30 109 23 93
23 94 28 89
23 93 25 92
27 102 23 86
23 103 27 111
23 120 30 112
25 114 23 108
28 113 23 105
24 94 26 113
24 118 25 115
25 124 24 121
30 106 24 101
29 112 24 105
24 92 27 107
27 119 24 98
24 99 28 91
29 91 24 86
24 108 27 105
24 101 29 106
28 103 24 115
26 103 24 105
24 127 30 131
24 101 25 110
24 101 26 107
25 130 24 117
26 129 24 104
25 113 29 104
25 122 26 120
26 126 25 121
25 90 27 110
25 91 28 95
25 102 26 89
27 110 25 94
30 120 25 101
29 111 25 88
28 112 25 106
25 124 30 125
27 106 25 110
29 106 25 87
25 101 29 86
25 99 27 98
26 94 27 102
28 91 26 96
26 105 27 110
26 102 28 99
30 101 26 95
29 104 26 84
29 93 26 94
26 109 29 110
27 114 26 104
26 122 30 130
27 118 26 102
26 82 29 112
27 91 29 106
29 86 27 100
30 100 27 112
27 107 30 105
27 110 28 82
28 106 27 108
27 109 29 103
29 101 27 97
30 103 28 113
29 98 28 104
28 101 29 93
28 96 30 105
30 106 28 114
30 92 29 102
29 95 30 88
