28 109 1 102
1 102 12 92
27 94 1 92
4 122 1 119
1 103 20 96
20 85 1 91
1 100 29 97
1 114 16 103
6 127 1 94
1 109 14 114
1 99 9 89
30 102 1 106
1 115 28 126
1 100 19 91
1 105 4 75
1 109 2 105
16 102 1 112
3 75 1 98
1 96 8 84
12 92 1 108
1 95 23 79
1 87 22 81
22 100 1 99
1 93 5 86
6 98 1 127
11 97 1 104
7 102 1 105
1 107 13 104
1 77 17 107
17 85 1 90
1 109 6 101
29 92 1 98
25 107 1 115
13 98 1 107
1 96 15 86
9 103 1 106
1 120 30 89
23 87 1 105
2 91 1 105
28 89 1 110
5 99 1 107
1 93 9 82
1 110 12 91
1 103 21 93
1 112 18 100
1 113 3 102
1 105 25 99
1 91 23 85
19 115 1 100
1 105 30 96
1 124 10 116
15 94 1 88
18 105 1 117
2 89 1 88
1 80 28 105
17 86 1 97
1 104 7 87
1 95 22 88
16 91 1 93
1 104 11 96
1 106 6 97
23 92 1 84
1 130 26 105
8 115 1 102
24 87 1 96
14 86 1 91
26 103 1 110
10 114 1 95
21 123 1 115
1 95 27 114
22 83 1 95
1 99 16 86
4 115 1 100
1 101 17 88
9 105 1 95
1 131 3 99
1 96 24 69
3 111 1 114
1 104 4 80
30 108 1 99
1 108 20 112
5 91 1 85
2 121 3 105
11 104 2 90
7 118 2 113
2 107 28 110
2 101 12 98
5 101 2 106
2 94 21 109
2 121 6 122
2 114 24 118
23 90 2 101
15 117 2 100
2 88 25 94
2 102 5 109
2 89 27 111
2 109 9 102
2 113 14 96
2 101 30 93
30 133 2 132
4 96 2 87
2 95 20 101
23 87 2 105
2 109 22 92
2 114 18 98
16 100 2 84
22 100 2 95
2 107 3 109
30 101 2 88
2 106 26 84
2 101 7 119
5 109 2 104
2 95 4 104
3 81 2 89
12 107 2 103
28 109 2 96
2 108 19 100
2 103 5 119
13 102 2 93
25 89 2 90
8 99 2 100
10 114 2 111
29 90 2 99
18 110 2 98
2 87 11 93
2 75 16 83
20 97 2 108
2 104 8 100
2 107 23 96
17 96 2 93
26 109 2 101
14 118 2 111
24 110 2 115
2 115 20 94
2 106 4 98
2 101 10 106
6 110 2 79
2 85 29 84
19 98 2 104
22 103 2 98
16 90 2 100
2 95 15 92
2 95 22 88
12 89 2 93
2 108 23 89
21 122 2 118
27 101 2 89
2 97 9 105
3 91 2 110
2 86 16 93
20 92 2 96
2 106 13 119
4 104 2 116
2 100 12 87
2 101 17 110
28 116 2 117
9 103 2 113
6 90 2 99
2 117 6 78
2 95 28 93
17 100 2 105
9 90 3 102
3 116 21 85
3 91 18 98
3 110 20 99
3 104 22 96
24 112 3 104
10 107 3 99
25 97 3 87
3 83 16 95
3 118 17 122
21 92 3 94
27 99 3 87
23 91 3 99
3 84 5 102
20 93 3 98
3 95 27 93
3 88 6 110
5 105 3 80
3 88 23 70
4 87 3 114
3 91 16 95
28 105 3 89
6 95 3 91
3 110 9 105
3 102 8 96
3 85 12 110
3 107 26 99
5 82 3 96
22 98 3 100
16 88 3 84
3 88 7 96
3 88 23 90
9 98 3 93
3 99 11 113
3 92 15 103
30 80 3 102
3 90 30 99
26 100 3 103
13 123 3 84
29 108 3 73
3 106 25 96
3 122 28 127
3 102 13 100
28 93 3 109
3 92 20 88
30 114 3 77
17 103 3 97
15 95 3 86
14 105 3 114
8 82 3 110
19 102 3 96
11 102 3 98
7 94 3 104
3 110 10 108
3 91 4 115
3 100 24 108
3 88 29 95
3 91 19 111
16 104 3 98
23 87 3 94
18 106 3 122
6 117 3 92
3 129 17 127
12 111 3 123
4 88 3 91
3 106 6 98
3 107 14 99
3 111 12 106
20 98 3 100
3 114 28 109
3 117 30 80
17 96 3 73
3 86 5 113
3 101 22 88
4 108 17 106
4 69 15 71
20 96 4 93
19 100 4 91
4 96 16 89
14 107 4 92
25 102 4 100
24 95 4 103
10 112 4 87
4 80 7 107
12 88 4 86
4 100 22 105
16 94 4 93
4 92 13 113
4 97 25 105
4 101 10 106
4 95 5 102
4 103 20 102
15 113 4 107
6 97 4 88
4 106 24 111
23 91 4 109
4 104 29 86
4 110 8 82
17 101 4 108
21 98 4 75
4 94 22 102
4 94 17 104
11 102 4 83
4 87 6 91
22 90 4 98
4 98 19 94
28 95 4 103
20 82 4 110
4 93 27 98
4 80 12 71
4 105 18 80
4 78 16 76
6 129 4 90
4 76 20 71
27 95 4 86
8 86 4 104
30 88 4 92
4 94 30 87
23 89 4 81
4 102 12 103
4 78 9 106
4 103 21 110
7 92 4 81
5 86 4 98
22 83 4 98
4 104 14 103
4 103 28 94
9 101 4 108
4 69 30 95
4 106 26 113
4 101 5 91
29 94 4 66
13 99 4 92
26 101 4 91
18 98 4 109
5 98 4 86
30 110 4 107
4 102 9 78
12 93 4 74
4 92 23 91
16 105 4 100
4 74 28 92
9 116 4 77
4 90 11 100
28 92 4 87
20 80 5 104
5 108 6 114
18 105 5 106
5 98 22 90
17 86 5 95
23 115 5 118
5 102 9 91
28 93 5 100
5 90 12 99
13 89 5 105
26 103 5 88
25 105 5 87
29 95 5 97
8 114 5 109
5 129 7 132
5 102 10 112
5 115 25 106
16 75 5 93
5 103 20 97
15 97 5 103
5 129 28 120
30 91 5 99
5 113 14 93
5 107 19 100
12 90 5 92
5 106 8 101
5 114 11 105
5 77 29 97
30 102 5 86
5 95 17 87
5 114 22 121
5 99 30 105
6 108 5 94
5 104 27 81
7 98 5 102
5 84 16 96
10 111 5 113
14 123 5 118
24 99 5 93
11 101 5 90
19 72 5 107
22 97 5 98
5 104 26 86
5 113 6 98
9 100 5 91
5 112 24 107
5 87 17 71
5 96 18 89
5 86 13 96
5 97 30 92
5 108 21 105
12 98 5 84
27 116 5 105
5 91 15 101
23 95 5 104
21 109 5 100
5 103 12 86
5 108 28 92
9 107 5 91
28 103 5 116
5 111 20 80
17 95 5 91
5 88 9 82
6 99 5 94
22 105 5 103
16 78 5 89
5 114 23 107
6 90 20 95
25 101 6 82
29 102 6 100
8 101 6 110
6 118 19 111
6 97 8 106
6 90 27 92
30 91 6 78
6 93 28 110
6 106 22 74
6 113 30 87
6 109 12 97
6 111 17 108
20 87 6 90
28 91 6 105
6 105 28 101
21 103 6 94
19 119 6 114
6 105 15 91
6 125 18 104
16 101 6 91
22 89 6 98
6 80 9 103
6 80 17 96
6 90 7 109
23 95 6 92
6 93 11 105
10 112 6 94
26 103 6 84
24 107 6 100
14 102 6 109
13 121 6 126
6 106 29 92
6 108 21 98
9 95 6 103
6 99 25 94
6 101 26 90
18 90 6 106
6 97 23 84
6 105 13 94
12 103 6 99
6 120 14 105
6 113 16 93
30 89 6 127
20 83 6 101
9 93 6 102
6 110 10 99
12 93 6 86
11 105 6 103
28 112 6 120
6 89 24 79
7 94 6 127
27 125 6 128
22 108 6 123
16 106 6 92
6 95 12 92
17 90 6 108
15 89 6 111
6 87 23 86
6 114 16 88
17 99 6 104
6 109 9 97
6 113 30 108
27 101 7 100
7 120 29 102
19 104 7 109
25 108 7 87
29 82 7 105
7 96 16 105
7 106 26 98
7 123 23 70
7 131 18 117
30 102 7 105
7 140 14 106
11 95 7 92
7 100 12 111
7 109 20 102
28 102 7 106
23 103 7 110
17 105 7 107
7 106 24 118
7 125 17 102
15 114 7 105
7 112 19 107
7 98 10 105
20 87 7 107
9 106 7 117
7 99 27 93
24 124 7 115
7 102 14 98
7 112 21 107
7 114 30 87
7 95 9 108
13 120 7 100
26 104 7 108
8 114 7 107
7 97 8 89
15 95 7 103
18 75 7 98
19 109 7 106
7 90 15 109
11 99 7 94
16 72 7 93
22 93 7 108
7 100 18 94
10 128 7 114
26 78 7 101
7 111 25 101
7 98 13 115
7 87 29 82
21 104 7 89
7 111 11 100
7 99 28 92
7 102 19 93
25 94 7 75
10 104 7 89
14 93 7 100
7 129 13 99
7 119 21 115
7 107 22 102
7 101 15 112
24 98 7 92
7 101 27 94
27 94 7 76
12 104 7 99
21 131 7 135
7 101 11 108
7 110 10 123
7 107 24 104
8 143 7 144
14 106 7 120
29 109 7 92
7 114 25 98
8 89 9 79
21 102 8 91
8 105 26 110
26 131 8 109
25 116 8 100
8 113 25 130
12 87 8 108
20 109 8 93
8 107 21 100
8 117 19 97
14 94 8 101
24 120 8 112
8 122 24 97
29 101 8 103
8 103 25 105
30 119 8 89
28 112 8 107
8 102 16 82
11 108 8 96
8 91 27 99
8 111 11 115
8 109 13 106
8 76 12 73
8 106 18 102
8 102 28 116
8 103 14 111
8 114 15 85
18 101 8 110
8 93 22 90
26 108 8 118
8 105 18 113
10 122 8 79
8 99 27 109
8 115 30 117
13 102 8 98
19 85 8 93
15 99 8 69
23 105 8 98
9 98 8 88
8 114 21 124
14 96 8 106
17 89 8 81
21 119 8 94
8 96 24 110
8 82 29 104
8 92 19 99
8 106 17 95
18 85 8 100
27 120 8 111
8 100 11 114
8 106 20 78
8 114 10 103
19 111 8 118
15 92 8 81
11 118 8 108
16 108 8 91
22 100 8 119
8 85 23 99
8 107 29 91
25 120 8 114
29 98 8 84
27 123 8 93
8 92 13 107
8 119 14 101
8 122 26 111
13 110 8 103
10 133 8 126
18 97 9 91
9 98 20 95
9 98 17 95
9 96 29 97
30 107 9 103
21 89 9 96
15 95 9 88
9 93 22 107
9 86 24 88
17 98 9 86
9 98 13 104
9 88 17 104
9 93 10 104
9 96 14 106
9 101 23 108
9 94 21 96
9 86 25 98
24 103 9 105
26 90 9 95
13 113 9 91
9 100 28 110
9 119 12 109
22 86 9 109
20 81 9 97
9 114 26 95
27 104 9 105
28 111 9 114
9 94 19 105
12 96 9 98
9 107 23 89
9 128 22 118
17 101 9 86
28 114 9 110
23 89 9 69
9 114 11 101
9 108 16 91
12 114 9 109
9 101 18 112
9 87 27 104
9 106 30 89
9 115 20 121
30 99 9 95
19 88 9 85
11 103 9 93
14 93 9 85
10 105 9 98
25 118 9 99
29 88 9 85
9 105 15 95
23 94 9 83
9 108 28 104
22 97 9 111
16 109 9 102
9 99 16 98
9 103 12 107
20 90 9 112
26 77 10 95
10 127 14 104
25 90 10 95
10 121 13 104
11 87 10 98
24 107 10 95
10 100 27 113
14 115 10 136
10 101 29 88
21 86 10 91
16 97 10 114
22 96 10 111
10 98 22 97
10 112 19 85
18 86 10 102
10 105 11 93
19 122 10 128
15 105 10 98
10 114 21 109
10 128 26 108
14 115 10 105
13 100 10 86
10 110 18 97
10 126 23 86
10 126 28 105
10 117 21 91
10 117 12 102
29 105 10 116
10 104 16 89
21 127 10 115
11 106 10 131
10 126 11 113
10 126 26 101
29 110 10 100
10 106 24 87
26 96 10 121
20 92 10 106
23 84 10 89
18 91 10 94
10 110 27 99
12 104 10 98
30 107 10 114
28 89 10 113
10 102 17 93
10 106 13 98
24 80 10 98
10 125 20 94
10 108 14 105
10 112 19 96
10 106 29 91
10 107 30 76
25 108 10 122
15 84 10 107
17 95 10 108
13 106 10 110
10 107 24 106
27 107 10 92
19 103 10 100
10 116 25 105
10 110 18 101
10 111 15 107
14 90 11 108
29 93 11 104
23 93 11 104
16 91 11 108
11 98 27 81
18 101 11 113
11 88 23 87
21 65 11 69
15 119 11 93
11 92 14 98
11 91 20 86
11 102 26 89
11 85 13 102
17 103 11 117
11 105 15 96
18 112 11 114
11 100 24 95
26 109 11 113
11 90 19 99
11 110 25 95
15 111 11 117
27 110 11 106
11 103 30 104
19 111 11 83
11 115 16 79
20 96 11 120
11 97 29 82
22 120 11 113
11 112 21 101
11 110 12 98
24 111 11 113
14 87 11 99
11 117 17 111
11 98 25 109
24 118 11 127
13 110 11 95
11 98 28 76
11 113 18 102
11 110 13 105
11 100 15 102
25 105 11 100
29 109 11 91
13 98 11 100
11 107 22 94
11 102 24 117
12 100 11 110
19 93 11 95
11 120 18 110
30 91 11 99
28 99 11 96
11 115 26 111
21 112 11 115
27 110 11 98
11 103 27 104
11 121 19 114
11 117 29 91
12 103 23 91
12 89 15 97
12 81 17 87
30 96 12 94
12 90 30 97
12 97 29 86
16 75 12 81
12 83 24 106
27 106 12 100
12 98 22 83
24 116 12 99
25 88 12 82
26 102 12 101
12 96 13 103
28 106 12 94
12 85 25 95
12 110 14 91
13 102 12 100
18 96 12 100
12 96 19 84
12 106 16 95
17 91 12 94
14 88 12 87
29 101 12 105
23 93 12 92
12 101 18 110
16 89 12 87
22 99 12 106
12 91 28 104
12 103 20 82
12 94 26 99
12 93 27 95
19 93 12 106
23 95 12 106
21 105 12 92
12 94 23 74
12 105 20 82
20 86 12 92
12 118 22 86
12 109 17 103
12 98 28 117
30 101 12 103
17 111 12 107
12 112 16 89
20 86 12 102
12 116 21 104
12 99 30 95
15 95 12 83
13 93 21 90
14 111 13 118
13 92 26 98
13 107 29 101
13 106 25 102
13 85 27 89
13 120 24 107
22 90 13 114
16 93 13 110
15 107 13 91
29 96 13 112
13 127 18 101
13 114 22 86
13 120 19 100
13 121 24 120
30 104 13 96
17 111 13 106
13 106 17 102
27 125 13 118
13 98 28 110
13 101 29 97
13 99 20 78
13 127 23 91
13 114 14 89
13 90 16 104
25 94 13 100
26 108 13 117
24 100 13 120
29 89 13 94
19 108 13 103
27 85 13 105
28 123 13 107
21 131 13 108
13 119 27 115
13 126 26 99
13 87 15 90
15 79 13 97
18 105 13 110
13 93 25 98
13 89 18 76
21 108 13 120
26 105 13 116
13 113 30 99
13 107 19 100
20 80 13 111
23 98 13 119
25 122 13 126
14 78 13 106
13 105 14 100
13 94 15 86
24 101 13 112
24 119 14 99
14 106 24 112
15 107 14 102
19 109 14 102
14 80 27 93
14 93 15 99
14 119 18 120
14 129 28 122
30 111 14 95
14 87 19 104
14 98 26 95
27 110 14 112
18 94 14 100
14 103 21 104
26 108 14 101
14 107 24 116
14 106 15 109
25 98 14 94
14 101 22 84
14 94 25 106
14 75 16 78
29 94 14 85
24 115 14 100
19 96 14 80
27 99 14 85
14 92 30 98
20 92 14 80
17 113 14 105
22 103 14 97
25 102 14 86
29 97 14 100
14 101 17 93
14 101 21 108
16 100 14 94
15 97 14 90
14 94 20 101
14 73 29 80
14 101 23 87
21 127 14 117
18 99 14 101
28 94 14 83
23 111 14 113
14 92 19 113
14 77 25 107
14 106 18 98
26 102 14 92
14 99 26 122
15 105 18 101
15 93 19 81
24 91 15 102
21 89 15 91
17 93 15 92
15 111 26 110
28 96 15 92
25 99 15 112
26 85 15 97
15 101 27 107
15 103 16 87
23 115 15 120
27 116 15 117
15 91 29 97
16 95 15 103
15 95 27 87
15 105 20 83
19 106 15 95
15 122 24 110
22 96 15 106
15 102 25 98
15 92 28 86
15 101 23 83
15 103 22 94
15 85 21 74
24 101 15 102
29 90 15 100
18 90 15 89
21 105 15 89
25 92 15 98
26 102 15 90
18 97 15 101
15 82 29 93
19 95 15 89
30 107 15 87
15 96 17 83
15 97 25 86
20 82 15 103
27 103 15 89
15 97 26 83
15 100 21 92
15 83 30 92
15 110 19 74
29 88 15 89
16 107 30 95
23 96 16 114
16 107 28 102
16 102 18 92
16 84 17 91
22 92 16 99
20 79 16 86
30 107 16 86
17 109 16 85
24 97 16 103
29 95 16 100
16 87 29 105
16 103 30 105
16 87 23 91
16 101 22 102
25 99 16 83
26 83 16 95
16 86 21 94
16 102 17 109
18 102 16 101
27 98 16 85
16 109 20 95
20 87 16 111
16 91 19 105
16 119 23 108
22 90 16 93
19 104 16 102
16 115 24 98
30 99 16 97
16 114 26 109
28 102 16 92
16 108 25 104
21 93 16 75
17 89 16 88
16 81 27 95
16 104 28 107
16 100 22 93
23 101 16 105
17 93 23 81
30 108 17 97
17 85 21 78
22 101 17 85
17 117 20 113
28 124 17 82
17 100 30 111
18 86 17 103
21 114 17 101
24 94 17 96
25 104 17 97
26 107 17 108
20 82 17 95
17 96 24 102
23 77 17 97
17 98 18 84
17 95 20 79
17 89 28 92
17 99 29 101
27 101 17 95
22 100 17 115
17 95 25 88
28 75 17 82
17 111 26 103
17 104 23 88
29 82 17 75
17 91 30 85
17 103 19 114
17 97 22 91
19 85 17 84
17 103 27 114
17 90 22 97
20 91 17 99
23 97 17 107
22 112 18 103
19 139 18 91
18 115 20 99
18 92 27 121
18 101 26 113
25 107 18 93
18 77 23 85
27 123 18 101
18 90 25 82
18 92 21 111
30 109 18 95
29 100 18 94
18 107 26 110
18 89 29 101
18 111 24 113
18 93 27 108
24 110 18 99
18 84 19 92
21 92 18 84
23 103 18 94
18 111 24 109
18 97 30 77
18 121 25 113
24 106 18 97
21 113 18 99
27 123 18 97
28 105 18 100
20 92 18 95
29 104 18 106
19 110 18 88
18 84 29 104
18 99 28 113
18 84 22 97
26 116 18 111
25 116 18 91
18 88 19 100
18 113 21 138
19 101 22 84
27 99 19 100
25 102 19 93
26 100 19 106
29 94 19 106
19 89 26 99
30 83 19 80
19 112 21 104
19 104 20 93
19 119 29 111
19 88 25 114
21 99 19 101
19 97 27 90
19 110 24 106
27 95 19 93
19 85 30 92
23 96 19 81
28 93 19 95
20 99 19 92
19 99 23 74
19 91 21 102
21 113 19 116
19 96 29 100
22 95 19 84
19 100 28 97
24 74 19 72
19 102 26 88
26 95 19 101
25 99 19 90
19 90 24 75
19 108 27 103
20 83 30 98
20 95 22 97
20 100 29 102
20 91 23 83
21 105 20 78
20 99 25 103
27 109 20 95
20 90 28 95
20 90 24 99
28 118 20 108
20 91 30 102
26 135 20 129
25 101 20 79
30 101 20 91
23 91 20 98
20 113 22 106
20 86 26 124
20 100 21 92
22 89 20 83
20 103 28 98
29 87 20 82
24 102 20 89
20 104 27 100
23 97 20 81
28 106 20 89
30 101 20 87
20 101 23 91
22 79 20 80
25 106 21 89
28 100 21 88
21 101 26 93
29 98 21 81
21 97 29 82
23 91 21 103
21 112 24 88
26 92 21 104
21 111 25 115
27 106 21 114
21 137 24 134
21 109 30 102
26 104 21 83
21 99 29 94
22 99 21 127
30 103 21 105
21 104 22 97
24 117 21 113
25 115 21 112
21 123 23 118
21 108 28 104
27 130 21 91
29 94 21 89
24 97 21 109
21 88 27 113
21 116 26 103
21 101 25 90
22 98 30 105
22 95 28 108
23 89 22 91
28 104 22 100
30 98 22 93
24 90 22 93
29 93 22 98
26 96 22 105
22 89 30 91
28 95 22 82
22 94 29 101
22 88 23 96
25 103 22 92
27 110 22 103
30 96 22 80
22 103 23 98
22 100 24 105
22 119 26 114
22 111 25 104
22 91 27 103
22 99 28 101
28 120 23 88
27 100 23 75
23 96 24 122
23 104 25 114
23 103 27 109
25 114 23 93
29 88 23 71
24 112 23 96
28 100 23 84
30 111 23 76
23 86 28 91
23 89 30 81
23 103 28 114
23 83 29 89
23 114 26 107
26 107 23 106
30 106 23 93
23 90 30 119
24 94 27 89
29 118 24 91
24 112 26 114
28 104 24 100
30 92 24 104
26 106 24 115
24 125 28 109
27 100 24 95
24 118 25 113
24 106 30 98
25 108 24 87
24 100 29 93
26 85 24 83
24 74 27 101
24 99 26 108
24 81 25 87
25 109 24 86
24 87 29 85
27 107 24 91
26 103 25 94
25 108 27 95
27 119 25 129
25 102 28 97
27 110 25 96
25 98 26 94
25 103 30 96
25 103 29 102
29 92 25 76
25 111 27 95
26 99 25 110
28 97 25 113
30 105 25 97
29 89 25 92
25 105 29 111
26 94 27 91
27 112 26 104
26 109 28 117
26 101 29 92
28 119 26 102
29 102 26 90
26 96 27 107
27 112 26 85
30 113 26 97
26 109 30 86
26 95 29 101
29 103 26 91
29 100 27 96
27 101 30 92
30 101 27 93
27 89 29 69
28 87 27 82
29 90 27 81
27 117 28 107
28 103 30 84
28 111 29 93
29 104 28 123
30 116 28 120
28 95 30 93
30 93 29 84
29 84 30 88
