19 101 22 84
27 101 7 100
14 90 11 108
4 108 17 106
12 103 23 91
2 121 3 105
16 107 30 95
28 109 1 102
15 105 18 101
20 80 5 104
8 89 9 79
29 93 11 104
24 119 14 99
26 77 10 95
25 106 21 89
22 98 30 105
18 97 9 91
6 90 20 95
7 120 29 102
13 93 21 90
12 89 15 97
5 108 6 114
17 93 23 81
24 94 27 89
26 103 25 94
14 111 13 118
19 104 7 109
4 69 15 71
22 95 28 108
23 96 16 114
30 108 17 97
1 102 12 92
9 90 3 102
11 104 2 90
18 105 5 106
21 102 8 91
29 118 24 91
10 127 14 104
13 92 26 98
16 107 28 102
20 96 4 93
25 90 10 95
23 93 11 104
3 116 21 85
15 93 19 81
7 118 2 113
8 105 26 110
13 107 29 101
12 81 17 87
16 91 11 108
20 83 30 98
28 100 21 88
5 98 22 90
19 100 4 91
25 101 6 82
14 106 24 112
4 96 16 89
23 89 22 91
2 107 28 110
3 91 18 98
9 98 20 95
17 86 5 95
30 96 12 94
27 94 1 92
24 91 15 102
29 102 6 100
26 131 8 109
10 121 13 104
11 98 27 81
25 108 7 87
4 122 1 119
22 112 18 103
23 115 5 118
2 101 12 98
3 110 20 99
9 98 17 95
28 103 30 84
21 89 15 91
24 112 26 114
29 82 7 105
8 101 6 110
13 106 25 102
12 90 30 97
1 103 20 96
16 102 18 92
5 101 2 106
11 87 10 98
17 93 15 92
27 99 19 100
3 104 22 96
9 96 29 97
21 101 26 93
28 120 23 88
7 96 16 105
24 107 10 95
25 116 8 100
14 107 4 92
6 118 19 111
12 97 29 86
20 85 1 91
5 102 9 91
13 85 27 89
28 104 22 100
15 107 14 102
17 85 21 78
7 106 26 98
25 102 4 100
10 100 27 113
30 107 9 103
1 100 29 97
2 94 21 109
16 75 12 81
20 95 22 97
19 109 14 102
8 113 25 130
24 112 3 104
18 101 11 113
15 111 26 110
28 93 5 100
7 123 23 70
10 107 3 99
12 87 8 108
22 101 17 85
1 114 16 103
2 121 6 122
20 100 29 102
11 88 23 87
19 139 18 91
21 89 9 96
24 95 4 103
14 80 27 93
30 98 22 93
6 127 1 94
28 111 29 93
5 90 12 99
15 95 9 88
7 131 18 117
25 97 3 87
26 94 27 91
10 112 4 87
13 120 24 107
20 109 8 93
16 84 17 91
21 65 11 69
14 115 10 136
4 80 7 107
6 97 8 106
2 114 24 118
3 83 16 95
9 93 22 107
15 119 11 93
27 100 23 75
25 102 19 93
13 89 5 105
1 109 14 114
17 117 20 113
29 98 21 81
26 100 19 106
6 90 27 92
12 88 4 86
22 90 13 114
23 90 2 101
30 102 7 105
3 118 17 122
9 86 24 88
28 96 15 92
18 115 20 99
8 107 21 100
11 92 14 98
16 93 13 110
26 103 5 88
4 100 22 105
23 96 24 122
1 99 9 89
28 124 17 82
15 117 2 100
18 92 27 121
21 92 3 94
30 91 6 78
7 140 14 106
8 117 19 97
10 101 29 88
25 105 5 87
12 83 24 106
22 92 16 99
6 93 28 110
20 91 23 83
11 95 7 92
18 101 26 113
17 100 30 111
27 99 3 87
29 94 19 106
15 107 13 91
2 88 25 94
16 94 4 93
21 86 10 91
14 94 8 101
4 92 13 113
6 106 22 74
23 104 25 114
28 104 24 100
11 91 20 86
7 100 12 111
29 95 5 97
30 102 1 106
16 97 10 114
17 98 9 86
19 89 26 99
8 114 5 109
4 97 25 105
6 113 30 87
22 96 10 111
23 91 3 99
7 109 20 102
1 115 28 126
9 98 13 104
11 102 26 89
18 86 17 103
21 97 29 82
27 106 12 100
24 120 8 112
14 93 15 99
2 102 5 109
4 101 10 106
1 100 19 91
9 88 17 104
28 102 7 106
11 85 13 102
21 105 20 78
12 98 22 83
27 112 26 104
8 122 24 97
25 99 15 112
14 119 18 120
23 103 7 110
30 83 19 80
1 105 4 75
6 109 12 97
29 96 13 112
17 103 11 117
2 89 27 111
3 84 5 102
9 93 10 104
26 85 15 97
20 79 16 86
24 90 22 93
25 107 18 93
14 129 28 122
23 103 27 109
30 107 16 86
29 101 8 103
13 127 18 101
6 111 17 108
1 109 2 105
9 96 14 106
20 93 3 98
5 129 7 132
19 112 21 104
8 103 25 105
24 116 12 99
26 109 28 117
10 98 22 97
4 95 5 102
30 111 14 95
2 109 9 102
3 95 27 93
16 102 1 112
11 105 15 96
17 105 7 107
18 77 23 85
29 104 28 123
13 114 22 86
20 87 6 90
25 88 12 82
10 112 19 85
4 103 20 102
23 91 21 103
30 119 8 89
2 113 14 96
3 75 1 98
28 91 6 105
15 101 27 107
18 112 11 114
7 106 24 118
17 109 16 85
29 93 22 98
26 102 12 101
9 101 23 108
5 102 10 112
11 100 24 95
27 123 18 101
26 96 22 105
13 120 19 100
2 101 30 93
1 96 8 84
15 103 16 87
9 94 21 96
7 125 17 102
20 99 25 103
14 87 19 104
12 92 1 108
30 133 2 132
3 88 6 110
28 112 8 107
18 86 10 102
26 101 29 92
13 121 24 120
6 105 28 101
9 86 25 98
15 114 7 105
19 104 20 93
21 114 17 101
24 97 16 103
29 100 27 96
14 98 26 95
4 96 2 87
12 96 13 103
22 89 30 91
1 95 23 79
5 105 3 80
18 90 25 82
27 109 20 95
7 112 19 107
10 105 11 93
8 102 16 82
21 103 6 94
26 109 11 113
5 115 25 106
30 104 13 96
1 87 22 81
2 95 20 101
3 88 23 70
28 106 12 94
15 113 4 107
18 92 21 111
19 119 6 114
24 103 9 105
29 95 16 100
27 110 14 112
7 98 10 105
4 87 3 114
12 85 25 95
22 100 1 99
17 111 13 106
23 115 15 120
11 108 8 96
26 90 9 95
19 122 10 128
16 75 5 93
30 93 29 84
18 94 14 100
21 112 24 88
20 90 28 95
8 91 27 99
6 97 4 88
12 110 14 91
23 87 2 105
1 93 5 86
28 95 22 82
24 94 17 96
25 108 27 95
13 113 9 91
30 109 18 95
3 91 16 95
15 105 10 98
19 119 29 111
20 87 7 107
26 92 21 104
4 106 24 111
6 98 1 127
2 109 22 92
9 106 7 117
16 87 29 105
28 105 3 89
27 116 15 117
25 104 17 97
13 102 12 100
8 111 11 115
5 103 20 97
11 90 19 99
26 107 17 108
10 114 21 109
22 94 29 101
23 91 4 109
2 114 18 98
6 95 3 91
9 100 28 110
16 103 30 105
15 97 5 103
27 119 25 129
8 109 13 106
14 103 21 104
20 90 24 99
19 88 25 114
4 104 29 86
11 97 1 104
7 99 27 93
8 76 12 73
13 106 17 102
28 118 20 108
6 105 15 91
26 108 14 101
3 110 9 105
16 100 2 84
22 88 23 96
30 92 24 104
18 96 12 100
21 99 19 101
4 110 8 82
5 129 28 120
11 110 25 95
15 91 29 97
7 102 1 105
27 125 13 118
10 128 26 108
6 125 18 104
12 96 19 84
22 100 2 95
30 91 5 99
1 107 13 104
3 102 8 96
16 87 23 91
17 101 4 108
21 111 25 115
24 124 7 115
14 115 10 105
20 91 30 102
27 106 21 114
16 101 6 91
5 113 14 93
13 100 10 86
2 107 3 109
22 89 6 98
1 77 17 107
9 119 12 109
15 111 11 117
19 97 27 90
21 98 4 75
7 102 14 98
8 106 18 102
25 114 23 93
26 106 24 115
13 98 28 110
4 94 22 102
30 101 2 88
16 95 15 103
5 107 19 100
3 85 12 110
17 85 1 90
29 88 23 71
26 135 20 129
10 110 18 97
6 80 9 103
27 110 11 106
7 112 21 107
25 101 20 79
8 102 28 116
14 107 24 116
4 94 17 104
12 90 5 92
3 107 26 99
16 101 22 102
11 103 30 104
13 101 29 97
22 86 9 109
1 109 6 101
5 82 3 96
15 95 27 87
19 110 24 106
7 114 30 87
8 103 14 111
29 100 18 94
25 102 28 97
10 126 23 86
2 106 26 84
12 106 16 95
13 99 20 78
11 102 4 83
6 80 17 96
21 137 24 134
27 95 19 93
5 106 8 101
18 107 26 110
4 87 6 91
22 98 3 100
2 101 7 119
20 81 9 97
19 111 11 83
21 109 30 102
17 91 12 94
24 112 23 96
29 92 1 98
10 126 28 105
14 106 15 109
22 90 4 98
5 109 2 104
11 115 16 79
18 89 29 101
27 101 30 92
8 114 15 85
25 107 1 115
13 127 23 91
6 90 7 109
9 114 26 95
16 88 3 84
20 82 17 95
24 125 28 109
14 88 12 87
23 95 6 92
2 95 4 104
3 88 7 96
5 114 11 105
15 105 20 83
18 101 8 110
19 85 30 92
29 101 12 105
25 98 14 94
10 117 21 91
13 98 1 107
17 96 24 102
27 104 9 105
4 98 19 94
6 93 11 105
23 77 17 97
30 101 20 91
1 96 15 86
3 81 2 89
5 77 29 97
7 95 9 108
8 93 22 90
18 111 24 113
26 104 21 83
10 117 12 102
13 114 14 89
28 95 4 103
20 96 11 120
25 99 16 83
12 107 2 103
3 88 23 90
9 103 1 106
19 106 15 95
21 99 29 94
30 102 5 86
17 98 18 84
27 100 24 95
26 108 8 118
10 112 6 94
14 101 22 84
20 82 4 110
13 120 7 100
9 98 3 93
23 93 12 92
28 109 2 96
5 95 17 87
11 97 29 82
18 93 27 108
25 103 22 92
1 120 30 89
13 90 16 104
15 122 24 110
26 103 6 84
14 94 25 106
2 108 19 100
3 99 11 113
28 111 9 114
5 114 22 121
12 101 18 110
23 87 1 105
30 101 27 93
24 107 6 100
29 105 10 116
26 104 7 108
14 75 16 78
4 93 27 98
22 120 11 113
3 92 15 103
9 94 19 105
28 100 23 84
5 99 30 105
2 91 1 105
8 114 7 107
10 104 16 89
25 94 13 100
11 112 21 101
17 95 20 79
14 102 6 109
12 96 9 98
22 96 15 106
23 96 19 81
30 80 3 102
2 103 5 119
28 89 1 110
21 127 10 115
7 97 8 89
27 110 25 96
24 110 18 99
29 94 14 85
26 83 16 95
13 121 6 126
4 80 12 71
9 107 23 89
5 99 1 107
11 106 10 131
15 102 25 98
3 90 30 99
8 105 18 113
26 108 13 117
28 93 19 95
22 99 21 127
27 89 29 69
4 105 18 80
30 111 23 76
1 93 9 82
13 102 2 93
10 122 8 79
15 95 7 103
11 110 12 98
20 99 19 92
17 89 28 92
6 108 5 94
25 98 26 94
24 115 14 100
16 86 21 94
8 99 27 109
4 78 16 76
6 106 29 92
23 91 20 98
1 110 12 91
9 128 22 118
15 92 28 86
18 75 7 98
19 96 14 80
30 103 21 105
24 118 25 113
26 100 3 103
10 126 11 113
5 104 27 81
17 99 29 101
25 89 2 90
13 123 3 84
23 86 28 91
1 103 21 93
6 129 4 90
16 89 12 87
20 113 22 106
7 98 5 102
18 84 19 92
27 99 14 85
8 99 2 100
24 111 11 113
10 126 26 101
4 76 20 71
17 101 9 86
15 101 23 83
29 108 3 73
25 103 30 96
5 84 16 96
6 108 21 98
24 100 13 120
19 109 7 106
1 112 18 100
22 99 12 106
27 101 17 95
28 114 9 110
10 114 2 111
8 115 30 117
14 87 11 99
3 106 25 96
20 86 26 124
15 103 22 94
19 99 23 74
21 92 18 84
29 90 2 99
13 102 8 98
12 91 28 104
9 95 6 103
16 102 17 109
7 90 15 109
10 111 5 113
14 92 30 98
6 99 25 94
23 89 9 69
1 113 3 102
28 119 26 102
11 99 7 94
18 110 2 98
19 85 8 93
20 100 21 92
27 95 4 86
29 89 13 94
24 106 30 98
22 100 17 115
15 99 8 69
12 103 20 82
14 123 5 118
23 103 18 94
1 105 25 99
2 87 11 93
3 122 28 127
6 101 26 90
19 108 13 103
16 72 7 93
29 110 10 100
24 99 5 93
12 94 26 99
22 93 7 108
30 116 28 120
1 91 23 85
9 114 11 101
15 85 21 74
18 90 6 106
17 95 25 88
8 86 4 104
27 85 13 105
10 106 24 87
2 75 16 83
20 92 14 80
6 97 23 84
30 88 4 92
3 102 13 100
28 75 17 82
19 115 1 100
21 104 22 97
7 100 18 94
24 101 15 102
23 105 8 98
9 108 16 91
20 97 2 108
25 103 29 102
26 96 10 121
12 114 9 109
1 105 30 96
2 104 8 100
28 93 3 109
11 101 5 90
17 113 14 105
18 102 16 101
19 91 21 102
27 110 22 103
29 90 15 100
10 128 7 114
4 94 30 87
6 105 13 94
26 78 7 101
25 108 24 87
3 92 20 88
12 103 6 99
22 103 14 97
1 124 10 116
2 107 23 96
9 98 8 88
28 123 13 107
11 117 17 111
18 90 15 89
21 113 19 116
24 100 29 93
27 98 16 85
19 72 5 107
30 114 3 77
20 92 10 106
23 89 4 81
7 111 25 101
17 96 2 93
29 102 26 90
21 131 13 108
6 120 14 105
15 94 1 88
4 102 12 103
9 101 18 112
22 97 5 98
11 98 25 109
28 87 27 82
26 85 24 83
12 93 27 95
23 84 10 89
30 96 22 80
16 109 20 95
17 103 3 97
18 105 1 117
19 96 29 100
7 98 13 115
8 114 21 124
4 78 9 106
24 118 11 127
5 104 26 86
15 95 3 86
14 96 8 106
22 89 20 83
2 89 1 88
9 87 27 104
28 95 30 93
17 111 26 103
18 91 10 94
19 93 12 106
21 105 15 89
6 113 16 93
7 87 29 82
25 102 14 86
13 110 11 95
5 113 6 98
21 104 7 89
13 119 27 115
22 95 19 84
23 95 12 106
1 80 28 105
9 100 5 91
20 87 16 111
18 111 24 109
30 89 6 127
7 111 11 100
17 89 8 81
29 92 25 76
26 109 2 101
10 110 27 99
14 105 3 114
4 103 21 110
16 91 19 105
5 112 24 107
11 98 28 76
13 126 26 99
20 83 6 101
17 86 1 97
9 106 30 89
12 104 10 98
22 103 23 98
21 119 8 94
7 92 4 81
25 92 15 98
14 118 2 111
16 119 23 108
5 87 17 71
11 113 18 102
19 100 28 97
8 82 3 110
24 110 2 115
29 90 27 81
13 87 15 90
30 107 10 114
9 93 6 102
21 105 12 92
7 99 28 92
22 90 16 93
1 104 7 87
2 115 20 94
5 86 4 98
11 110 13 105
17 104 23 88
18 97 30 77
19 102 3 96
8 96 24 110
29 97 14 100
26 102 15 90
25 111 27 95
6 110 10 99
24 117 21 113
12 93 6 86
23 89 30 81
1 95 22 88
2 106 4 98
9 115 20 121
28 89 10 113
5 96 18 89
11 102 3 98
15 79 13 97
19 104 16 102
8 82 29 104
26 96 27 107
14 101 17 93
25 115 21 112
30 99 9 95
16 91 1 93
20 103 28 98
18 97 15 101
7 94 3 104
24 74 27 101
29 82 17 75
5 86 13 96
14 101 21 108
26 99 25 110
2 101 10 106
12 94 23 74
22 83 4 98
11 105 6 103
8 92 19 99
23 103 28 114
3 110 10 108
16 115 24 98
18 105 13 110
7 102 19 93
4 104 14 103
6 110 2 79
1 104 11 96
5 97 30 92
15 82 29 93
8 106 17 95
12 105 20 82
22 100 24 105
2 85 29 84
3 91 4 115
28 112 6 120
11 100 15 102
18 85 8 100
19 88 9 85
21 123 23 118
16 100 14 94
27 112 26 85
10 102 17 93
13 93 25 98
5 108 21 105
25 94 7 75
4 103 28 94
12 98 5 84
22 119 26 114
23 83 29 89
1 106 6 97
3 100 24 108
11 103 9 93
15 97 14 90
19 98 2 104
30 99 16 97
27 120 8 111
10 104 7 89
19 95 15 89
6 89 24 79
16 114 26 109
20 86 12 92
23 92 1 84
18 121 25 113
17 91 30 85
8 100 11 114
27 116 5 105
10 106 13 98
3 88 29 95
9 101 4 108
22 103 2 98
21 108 28 104
14 93 7 100
4 69 30 95
1 130 26 105
16 90 2 100
5 91 15 101
17 103 19 114
8 106 20 78
24 80 10 98
13 89 18 76
12 118 22 86
3 91 19 111
7 94 6 127
27 117 28 107
29 87 20 82
14 93 9 85
4 106 26 113
23 95 5 104
2 95 15 92
16 104 3 98
17 97 22 91
21 108 13 120
8 115 1 102
24 106 18 97
10 105 9 98
25 105 11 100
12 109 17 103
30 107 15 87
27 125 6 128
29 109 11 91
14 94 20 101
4 101 5 91
23 114 26 107
2 95 22 88
28 102 16 92
21 113 18 99
7 129 13 99
8 114 10 103
24 87 1 96
25 118 9 99
12 89 2 93
30 113 26 97
23 87 3 94
15 96 17 83
29 88 9 85
10 125 20 94
21 109 5 100
13 98 11 100
19 111 8 118
22 108 6 123
27 123 18 97
28 97 25 113
24 102 20 89
14 86 1 91
12 98 28 117
30 105 25 97
2 108 23 89
15 92 8 81
18 106 3 122
16 106 6 92
7 119 21 115
29 94 4 66
26 103 1 110
10 108 14 105
9 105 15 95
20 104 27 100
11 107 22 94
19 85 17 84
13 99 4 92
6 117 3 92
23 94 9 83
16 108 25 104
28 105 18 100
5 103 12 86
17 103 27 114
21 122 2 118
7 107 22 102
26 105 13 116
10 114 1 95
29 84 30 88
20 92 18 95
11 118 8 108
24 74 19 72
14 73 29 80
22 111 25 104
23 97 20 81
3 129 17 127
6 95 12 92
16 108 8 91
5 108 28 92
21 123 1 115
7 101 15 112
27 101 2 89
26 101 4 91
10 112 19 96
13 113 30 99
12 111 3 123
9 107 5 91
11 102 24 117
15 97 25 86
10 106 29 91
17 90 6 108
21 93 16 75
1 95 27 114
13 107 19 100
28 106 20 89
26 109 30 86
2 97 9 105
22 100 8 119
18 98 4 109
24 98 7 92
14 101 23 87
12 100 11 110
3 91 2 110
20 82 15 103
5 98 4 86
29 104 18 106
10 107 30 76
9 108 28 104
17 89 16 88
21 127 14 117
7 101 27 94
26 107 23 106
25 108 10 122
4 88 3 91
20 80 13 111
22 83 1 95
30 101 12 103
2 86 16 93
28 103 5 116
15 89 6 111
18 99 14 101
19 93 11 95
8 85 23 99
29 89 25 92
27 130 21 91
24 99 26 108
17 111 12 107
22 97 9 111
23 98 13 119
30 110 4 107
1 99 16 86
3 106 6 98
20 92 2 96
28 94 14 83
11 120 18 110
15 84 10 107
19 102 26 88
27 94 7 76
8 107 29 91
24 81 25 87
4 115 1 100
5 111 20 80
17 95 10 108
29 94 21 89
25 120 8 114
6 87 23 86
3 107 14 99
19 110 18 88
2 106 13 119
16 109 9 102
30 91 11 99
27 103 15 89
12 104 7 99
24 97 21 109
4 104 2 116
23 111 14 113
1 101 17 88
28 99 11 96
15 97 26 83
18 84 29 104
25 109 24 86
3 111 12 106
9 105 1 95
16 81 27 95
13 106 10 110
4 102 9 78
22 91 27 103
30 106 23 93
2 100 12 87
20 98 3 100
11 115 26 111
17 95 5 91
18 99 28 113
21 131 7 135
29 98 8 84
25 122 13 126
14 92 19 113
6 114 16 88
7 101 11 108
10 107 24 106
12 93 4 74
30 101 20 87
2 101 17 110
3 114 28 109
5 88 9 82
15 100 21 92
18 84 22 97
27 123 8 93
26 95 19 101
14 77 25 107
4 92 23 91
1 131 3 99
9 99 16 98
28 116 2 117
15 83 30 92
7 110 10 123
17 90 22 97
8 92 13 107
24 87 29 85
25 99 19 90
21 112 11 115
6 99 5 94
12 112 16 89
27 107 10 92
20 101 23 91
26 95 29 101
14 78 13 106
1 96 24 69
16 105 4 100
19 103 10 100
21 88 27 113
26 116 18 111
13 105 14 100
4 74 28 92
22 105 5 103
23 90 30 119
3 111 1 114
9 103 2 113
20 86 12 102
15 110 19 74
17 99 6 104
27 110 11 98
8 119 14 101
29 103 26 91
7 107 24 104
25 116 18 91
16 78 5 89
10 116 25 105
22 99 28 101
1 104 4 80
3 117 30 80
6 90 2 99
9 103 12 107
20 91 17 99
11 103 27 104
19 90 24 75
21 116 26 103
8 143 7 144
29 88 15 89
14 106 18 98
22 79 20 80
16 104 28 107
5 114 23 107
13 94 15 86
25 105 29 111
10 110 18 101
17 96 3 73
2 117 6 78
9 116 4 77
8 122 26 111
12 116 21 104
30 108 1 99
11 121 19 114
27 107 24 91
14 106 7 120
4 90 11 100
6 109 9 97
23 97 17 107
1 108 20 112
3 86 5 113
16 100 22 93
18 88 19 100
21 101 25 90
29 109 7 92
26 102 14 92
10 111 15 107
13 110 8 103
2 95 28 93
12 99 30 95
24 101 13 112
5 91 1 85
7 114 25 98
11 117 29 91
15 95 12 83
17 100 2 105
18 113 21 138
19 108 27 103
3 101 22 88
6 113 30 108
20 90 9 112
23 101 16 105
28 92 4 87
10 133 8 126
14 99 26 122
