6 102 2 99
10 121 11 122
9 102 4 90
12 140 3 131
22 116 16 109
30 120 23 115
2 100 17 108
15 103 19 91
7 111 1 117
29 106 8 96
27 107 18 99
24 76 25 124
26 100 11 105
28 117 5 100
21 105 20 84
14 92 13 108
4 109 1 91
12 96 25 114
23 92 2 102
30 115 9 111
17 97 6 116
3 126 22 121
18 100 29 97
7 88 26 93
19 120 10 128
24 130 14 132
28 128 23 94
6 93 22 114
16 112 12 108
20 107 9 111
5 77 27 87
11 107 7 91
15 111 10 101
17 113 25 110
8 96 26 79
29 96 21 87
13 130 24 88
3 116 1 104
21 113 18 115
14 112 19 119
9 86 23 97
16 104 1 93
11 90 15 98
17 103 4 94
7 103 10 133
27 101 28 97
8 104 30 109
24 117 26 115
6 119 5 112
22 125 3 121
2 110 20 89
18 107 12 130
25 103 19 93
13 102 29 84
4 110 8 93
9 122 18 101
23 104 11 105
3 112 6 107
16 100 27 117
21 114 12 96
7 103 15 94
24 97 29 88
10 117 28 112
14 102 30 99
5 91 1 86
15 96 7 91
17 89 2 96
25 103 13 104
26 106 19 114
4 93 11 109
22 114 27 87
1 100 8 105
20 107 3 86
18 119 21 116
10 120 30 117
14 92 28 101
19 123 6 101
16 90 2 96
5 69 21 101
15 103 11 89
7 110 23 112
29 96 14 81
25 114 24 107
13 87 9 95
1 106 17 117
12 97 27 94
3 111 8 124
4 120 22 113
26 83 30 110
6 95 20 114
10 107 9 115
2 108 27 94
16 122 18 125
20 116 8 110
11 107 23 115
15 99 4 104
19 99 22 115
29 104 7 89
25 85 28 99
13 113 10 141
12 101 26 83
3 114 24 122
17 91 21 110
14 113 9 93
4 126 17 121
6 107 12 124
23 119 1 109
30 116 24 122
2 113 26 86
16 97 5 91
20 97 11 119
15 99 22 101
19 98 18 104
8 129 28 111
29 112 25 103
13 119 7 98
27 92 10 112
25 113 14 110
9 105 17 96
22 83 5 105
23 121 12 110
30 122 6 130
1 104 11 119
20 120 24 107
7 94 19 99
27 108 4 101
8 95 16 94
29 100 28 109
21 94 2 101
14 124 3 112
13 104 15 113
9 108 26 99
5 90 19 96
18 112 7 99
8 108 10 127
6 115 1 117
13 101 16 104
22 88 2 104
28 96 30 107
11 137 29 110
27 112 24 95
20 108 12 101
18 112 4 94
25 103 21 99
14 107 15 102
1 107 2 110
24 92 3 98
10 97 16 80
6 124 17 119
12 112 19 117
30 99 7 113
20 118 4 113
28 119 5 114
27 120 13 107
8 112 3 104
29 97 23 104
25 97 15 98
26 94 21 86
9 114 12 97
22 112 20 99
2 107 14 96
24 115 16 126
10 125 18 101
30 111 14 95
28 122 19 118
11 117 6 113
26 109 23 108
8 102 21 94
9 111 1 104
2 90 4 87
5 87 12 105
21 120 13 111
27 87 17 94
24 112 22 128
29 74 16 84
25 97 3 101
30 113 1 94
19 111 13 103
20 118 26 91
11 111 15 96
7 104 6 111
17 98 14 90
27 133 5 94
10 135 23 114
8 125 22 107
24 118 18 110
29 114 3 106
2 95 28 94
9 112 16 103
12 95 11 118
21 112 7 99
30 110 26 92
20 101 6 104
17 110 15 103
19 106 1 105
24 93 14 100
29 98 18 109
25 99 8 82
10 110 22 100
13 105 23 109
3 102 2 109
11 113 28 129
7 91 27 97
1 126 26 80
16 93 30 102
20 106 29 101
4 107 6 115
15 113 12 116
17 99 9 95
18 98 27 86
19 116 28 125
21 92 5 79
25 99 22 94
14 109 23 115
2 92 10 88
24 116 11 142
12 107 9 100
30 88 16 91
3 118 29 107
6 118 13 113
28 107 20 84
5 123 4 120
27 104 21 101
7 87 18 111
26 86 25 82
8 146 19 114
14 113 24 122
4 102 13 87
22 85 29 125
1 99 2 110
23 116 10 124
15 83 11 105
7 111 17 79
25 102 26 90
16 95 12 120
3 111 10 118
28 100 30 91
18 97 9 100
24 113 5 105
14 127 8 109
4 118 18 102
9 88 6 116
22 97 12 105
23 107 29 86
20 107 13 85
15 92 25 100
17 88 30 99
19 114 21 107
7 102 2 110
27 96 1 85
26 98 8 114
14 103 5 94
4 129 30 124
6 119 3 109
23 101 25 81
1 103 13 116
16 104 2 98
20 108 28 100
11 125 8 95
15 94 7 95
18 124 22 118
19 107 27 90
21 108 10 91
24 107 17 113
29 110 5 80
26 113 14 102
3 125 25 127
1 116 20 104
2 118 22 103
6 100 4 99
12 107 28 104
18 97 16 109
21 98 9 99
8 104 15 92
24 91 19 115
10 143 5 94
4 86 27 106
23 130 22 111
30 105 25 108
1 78 28 112
12 98 2 108
11 117 20 102
7 97 21 81
10 110 19 95
29 121 17 108
26 95 13 97
5 93 16 100
18 119 24 108
15 88 3 98
12 121 22 109
23 91 6 113
2 108 9 118
20 91 25 103
11 117 3 103
27 115 7 108
10 106 26 110
13 120 14 115
6 108 16 97
5 99 24 104
18 89 30 92
29 106 8 77
26 87 17 112
9 131 24 107
22 121 21 108
23 118 30 113
20 115 16 86
28 126 4 113
11 118 12 97
19 102 18 120
7 104 3 109
27 104 15 95
14 123 10 127
1 114 6 121
2 108 23 97
8 111 5 110
25 91 17 103
13 107 29 126
22 112 10 133
28 120 12 115
30 109 9 91
16 105 4 100
5 106 26 107
15 79 27 95
21 111 18 107
29 114 19 108
2 116 24 111
7 108 13 82
3 102 1 114
6 116 15 111
23 108 9 103
17 109 26 104
8 115 14 100
25 116 19 123
20 100 22 105
16 95 10 123
18 112 13 106
21 90 27 87
14 95 11 118
4 104 22 94
12 115 20 97
23 101 24 115
1 90 3 110
2 111 17 100
5 91 6 113
15 95 18 92
19 115 10 125
7 122 8 105
27 96 9 93
29 116 30 69
28 126 24 113
21 100 29 94
25 92 30 106
6 101 26 95
12 98 5 96
22 110 1 106
2 97 7 90
20 99 15 88
4 87 10 101
17 104 9 100
19 123 8 114
27 117 16 105
13 107 18 113
23 104 14 107
24 99 30 109
3 100 21 95
29 101 11 112
4 111 5 119
9 98 10 102
12 106 6 102
22 89 8 103
15 107 28 116
17 109 7 102
19 109 26 116
27 105 2 102
13 113 30 112
3 89 16 101
4 99 14 110
1 117 22 110
6 105 23 98
5 104 20 102
17 117 29 100
15 101 21 102
24 101 27 104
25 117 11 124
26 87 28 102
9 81 2 91
12 126 8 116
18 97 7 92
19 131 23 124
20 111 1 107
5 108 2 85
11 130 19 123
15 82 16 107
21 103 4 116
10 111 25 104
13 96 28 91
6 123 1 114
9 84 8 103
20 113 14 109
3 103 30 98
18 112 23 118
7 95 27 89
26 99 24 92
12 95 21 100
22 95 13 106
30 93 15 87
2 124 8 118
16 95 25 102
5 103 29 100
19 115 17 108
24 109 28 115
11 108 4 96
1 91 9 105
3 104 20 111
6 121 14 112
18 119 26 96
10 112 7 97
4 98 16 104
12 98 9 104
22 88 25 95
23 117 21 119
30 100 13 91
2 95 29 107
28 120 3 87
15 96 1 94
17 109 5 115
8 117 19 111
11 124 27 109
4 91 25 93
6 109 29 100
20 111 21 96
16 90 13 85
11 115 17 111
18 106 24 108
27 98 7 96
15 93 2 102
28 108 26 93
9 114 22 110
3 97 12 109
30 99 6 106
4 109 20 91
12 111 2 112
1 110 16 104
5 117 23 115
11 120 29 99
18 108 25 107
21 95 8 94
7 91 24 97
27 109 13 91
14 114 10 116
23 95 26 101
30 116 19 106
17 119 6 116
4 111 28 129
1 95 12 105
2 89 16 90
3 99 26 104
5 112 22 94
11 116 14 122
21 107 29 79
7 110 9 93
8 104 18 112
25 91 27 93
10 97 15 84
13 108 24 95
6 115 5 112
23 109 28 114
20 102 2 93
24 97 15 95
29 100 27 89
9 104 20 101
22 97 19 111
3 119 30 84
16 113 7 101
11 118 13 128
17 109 4 104
21 120 1 117
25 85 8 102
10 113 14 106
28 102 23 86
4 111 17 106
12 123 3 119
30 130 22 103
1 112 7 107
2 117 5 92
16 94 19 109
15 115 13 112
29 89 21 103
10 81 8 96
24 106 18 115
14 92 25 95
26 99 27 108
20 98 23 105
10 99 6 92
2 103 30 111
21 112 11 107
14 104 18 121
9 107 12 83
7 98 28 93
16 107 22 89
17 106 5 115
27 109 3 97
8 107 29 83
24 99 15 97
13 122 26 95
4 91 2 102
12 94 7 98
1 113 30 99
5 92 20 87
18 128 8 125
19 128 3 113
21 124 28 107
26 109 6 95
10 126 29 101
14 99 15 109
22 102 9 89
2 99 11 98
17 102 18 96
27 119 20 107
25 114 23 110
30 121 11 103
28 111 1 98
16 87 3 111
5 119 12 107
19 120 7 128
21 95 17 97
26 101 24 111
10 100 4 111
14 106 13 121
9 93 27 79
22 111 16 117
19 103 20 105
1 104 25 89
29 104 6 101
10 141 15 128
8 102 23 107
30 114 5 110
12 90 18 107
2 108 3 105
11 148 14 142
21 113 7 116
13 106 4 98
26 96 15 114
24 110 23 123
3 98 22 95
28 131 17 127
5 120 25 124
18 114 14 96
6 127 25 110
20 91 27 100
24 104 1 103
26 111 4 131
13 113 15 105
22 98 11 116
23 112 27 106
30 121 20 103
3 98 18 97
16 111 9 104
2 102 6 88
5 115 28 124
17 122 12 101
7 122 10 125
8 134 24 111
29 98 19 108
14 96 21 133
11 114 10 124
13 117 21 127
16 107 20 103
23 114 9 78
2 91 18 84
17 110 28 129
7 124 5 127
27 103 24 89
8 99 29 91
15 100 30 102
25 110 1 89
14 94 4 108
13 105 10 121
3 85 2 87
9 108 11 101
12 125 5 86
22 127 6 131
30 103 17 110
18 116 19 98
26 106 8 98
16 103 29 102
7 96 20 100
24 114 21 100
25 111 27 110
14 132 1 113
12 109 17 96
3 113 28 114
5 107 11 116
18 127 6 99
19 112 9 109
26 100 27 107
10 124 8 114
13 108 1 107
28 89 16 90
21 106 25 117
7 114 22 99
14 99 26 86
4 111 7 115
12 106 16 114
30 104 29 107
3 80 9 114
20 119 5 122
11 121 25 112
15 105 19 102
17 110 22 103
18 104 21 88
8 97 1 110
10 106 13 125
23 103 2 114
28 133 6 99
26 115 13 121
14 93 27 81
4 99 29 88
12 97 6 95
30 125 22 119
1 105 3 110
17 94 10 108
18 118 20 108
19 119 25 113
8 87 15 78
24 95 11 112
7 101 14 107
13 126 26 105
4 91 21 101
30 119 3 113
28 125 10 127
5 107 9 105
27 112 8 80
16 97 17 79
20 118 19 123
24 97 12 120
18 120 25 103
9 107 4 118
23 117 28 111
30 95 17 104
1 102 27 99
3 104 20 119
21 95 26 88
5 119 16 111
15 123 14 114
6 108 10 118
29 94 12 109
13 113 11 102
22 108 18 102
2 113 19 116
8 105 7 102
25 118 24 111
4 133 30 109
1 94 19 93
3 95 27 100
28 96 9 91
5 112 10 119
15 105 20 99
17 101 16 106
21 114 14 90
26 105 29 120
13 109 8 104
2 80 23 89
6 104 22 103
11 116 18 98
25 100 12 86
28 86 27 83
3 101 16 95
9 112 30 122
15 106 26 88
8 100 24 108
29 115 20 117
14 99 12 86
6 124 21 148
1 97 5 113
4 105 16 106
19 111 15 104
23 116 17 94
11 116 10 108
18 115 28 109
29 125 13 113
25 117 7 108
2 95 22 103
14 127 20 107
9 100 3 101
27 86 12 94
4 112 26 107
1 104 29 90
11 99 16 90
15 105 23 101
17 109 24 105
19 132 5 128
7 98 30 75
8 104 25 101
13 118 18 126
22 99 26 105
21 109 3 108
27 114 6 102
10 123 20 112
14 108 2 107
4 96 19 101
9 95 29 98
12 116 24 101
23 115 5 101
1 93 28 108
7 97 11 104
15 85 27 108
25 123 18 114
13 102 2 113
16 88 26 89
21 121 30 112
8 130 20 118
10 126 18 113
4 121 1 110
6 115 12 108
28 93 29 97
5 103 14 108
15 100 13 109
17 116 3 91
19 115 11 113
7 93 25 107
27 78 23 97
24 85 20 107
9 108 21 121
12 114 22 112
1 104 30 129
16 95 4 91
10 109 2 105
18 111 3 97
8 91 7 89
5 96 17 110
11 113 24 102
19 103 13 112
6 121 9 104
28 123 14 111
21 122 23 112
27 113 26 98
12 105 4 96
1 105 18 100
15 120 24 109
17 107 23 95
7 88 16 95
8 110 2 111
30 102 21 96
20 111 3 95
28 109 18 104
9 125 6 114
11 114 22 107
19 103 26 114
27 106 8 104
29 129 10 99
13 96 25 104
12 105 15 101
22 127 14 105
1 110 4 123
3 116 23 108
6 91 16 89
2 103 20 73
25 124 5 108
24 102 7 88
9 104 15 102
30 122 28 119
18 108 17 89
27 91 11 102
8 127 21 124
4 133 12 126
2 119 1 110
3 99 14 102
28 130 25 105
23 103 16 97
17 92 20 90
21 100 19 114
24 97 29 129
26 104 10 119
13 113 5 103
9 111 16 107
12 100 23 92
22 98 30 115
6 88 11 120
18 118 19 107
27 111 29 120
8 115 10 108
26 99 7 106
2 97 25 96
3 94 17 109
20 96 1 99
28 101 15 86
21 104 14 108
24 110 4 115
9 111 25 91
12 102 30 111
16 109 22 111
19 109 29 133
8 121 4 104
26 104 5 98
13 104 7 101
22 116 6 98
28 111 2 91
1 108 15 82
3 113 11 123
20 89 17 103
23 115 30 102
10 105 21 125
14 112 24 93
9 115 3 106
16 101 11 109
6 140 18 138
15 88 29 92
19 96 12 92
24 81 27 129
22 100 1 98
28 113 20 88
30 104 2 110
25 109 4 103
10 121 7 103
14 106 21 81
9 95 13 108
23 100 19 82
1 107 6 123
2 91 12 97
16 91 17 85
5 114 18 113
11 130 8 104
29 106 4 94
26 100 25 118
3 128 19 138
22 104 17 111
23 112 13 98
5 90 30 101
7 130 14 123
10 122 27 105
24 113 8 123
4 103 28 123
1 118 9 115
2 99 6 121
12 121 20 113
11 104 7 97
18 111 26 106
21 110 15 92
25 96 29 115
9 103 19 118
23 108 20 92
3 101 13 114
5 105 22 101
29 101 27 99
10 129 24 83
28 115 16 112
17 97 1 92
18 108 11 126
21 112 6 120
7 109 26 114
8 117 27 109
9 104 1 98
22 102 4 104
23 104 16 102
3 103 12 108
20 113 30 118
2 119 13 129
5 98 28 122
11 100 26 91
15 114 21 121
19 139 14 117
29 107 24 97
25 123 10 117
17 123 8 134
18 119 14 111
4 111 3 96
22 113 20 120
6 103 30 110
5 115 23 116
26 107 21 110
10 134 13 127
9 98 2 110
12 116 1 93
30 105 4 122
28 119 17 122
11 120 18 102
15 89 6 112
19 124 16 123
8 122 27 119
24 117 13 128
29 81 25 100
14 124 7 102
23 116 22 105
16 115 15 89
20 112 2 121
10 112 21 80
18 122 5 104
24 104 25 106
29 97 7 90
26 108 14 113
4 114 9 98
17 121 19 123
6 94 27 110
30 109 23 94
8 114 11 119
1 104 14 123
2 109 15 98
3 104 5 87
20 111 10 125
28 123 9 94
19 125 24 116
21 112 22 105
7 109 12 103
29 85 11 96
26 100 18 118
4 118 5 103
6 129 3 123
16 102 23 101
17 104 30 107
25 116 26 99
8 120 13 122
9 110 17 87
22 104 28 117
1 107 12 102
2 134 4 106
30 101 10 109
15 102 24 110
7 110 21 111
27 116 19 121
13 92 11 105
16 113 14 131
6 97 23 108
26 116 3 111
25 108 18 99
22 115 9 106
23 110 4 99
1 109 10 114
30 95 28 102
5 108 7 100
15 102 8 108
17 96 12 103
24 116 21 124
29 116 18 108
13 128 20 105
22 107 15 100
6 117 8 126
16 105 9 96
11 123 2 120
27 112 14 116
25 108 21 100
26 91 29 98
1 113 24 112
28 103 4 98
30 95 12 98
7 109 19 126
17 118 23 110
13 123 3 120
26 102 20 99
6 112 9 90
12 92 17 89
16 125 24 103
5 89 2 105
27 100 15 98
29 94 22 80
14 103 25 108
4 114 23 128
28 106 1 90
30 117 16 113
21 112 11 122
7 118 8 107
25 111 20 87
10 114 3 101
13 116 19 121
12 84 29 104
9 119 28 121
5 119 15 110
17 99 11 110
26 101 19 114
8 108 6 113
14 108 22 107
4 111 3 125
16 108 23 99
18 109 2 117
21 115 24 87
10 110 27 107
9 99 5 83
12 112 1 87
28 108 11 105
15 78 29 95
17 120 20 112
19 97 30 116
8 125 14 116
25 125 10 108
26 94 22 88
13 116 6 102
4 122 24 115
16 129 30 102
7 114 15 80
21 104 27 94
13 113 22 105
20 106 28 132
1 122 5 129
18 109 10 103
19 99 29 116
8 130 26 104
7 82 11 105
2 97 12 99
3 97 23 120
14 127 6 113
11 109 27 93
15 103 17 121
21 106 26 101
25 115 16 99
23 98 12 101
30 111 18 116
1 107 21 119
3 102 28 116
20 97 7 110
5 106 13 112
19 119 4 115
27 108 22 72
29 110 9 79
24 107 6 129
14 112 8 103
22 126 17 117
2 124 30 125
26 123 16 119
10 117 14 106
12 99 28 106
1 117 4 129
20 110 23 118
11 101 13 96
15 110 5 111
27 98 19 93
8 120 9 113
29 116 24 88
25 113 6 105
22 83 2 92
23 120 3 116
28 122 7 115
21 121 13 113
10 93 26 98
14 91 16 92
30 109 12 102
19 101 11 107
3 114 7 106
20 124 4 101
5 109 6 114
15 101 8 94
17 122 1 117
27 117 18 101
29 103 26 97
24 109 10 124
25 100 9 87
28 125 21 132
19 108 2 89
18 120 11 129
13 109 25 122
6 124 17 117
12 110 14 100
23 108 4 94
3 118 15 115
16 149 8 141
20 110 5 92
27 89 10 75
26 90 9 106
22 86 28 93
2 100 21 99
18 123 13 109
19 115 7 105
29 94 1 99
24 88 9 115
25 111 11 115
6 132 28 129
23 119 15 105
3 105 4 111
16 119 20 98
5 102 8 135
17 120 13 127
27 98 30 90
4 140 15 79
22 98 23 118
11 100 9 96
19 128 14 125
7 112 29 119
26 105 1 90
12 109 13 104
30 100 8 108
6 120 24 95
20 104 18 108
28 116 3 112
5 105 17 118
21 105 16 99
27 124 29 120
25 100 2 105
10 106 1 94
23 120 18 108
9 117 5 95
22 105 24 99
11 114 19 91
15 93 14 100
7 98 4 102
3 114 6 121
17 106 27 103
12 113 16 107
28 106 13 117
30 97 20 101
26 93 2 104
21 105 25 108
11 118 1 99
10 91 29 110
4 137 20 128
9 112 14 106
23 123 8 104
18 93 15 101
24 94 2 102
30 116 27 106
28 114 8 110
16 98 6 79
11 118 5 86
19 103 25 107
26 97 7 103
10 81 12 92
13 105 17 98
4 105 6 118
22 104 3 111
23 118 20 101
15 108 25 103
18 126 1 114
29 94 2 97
24 99 13 111
14 103 7 93
9 103 30 92
16 103 5 92
27 103 21 99
26 103 12 106
10 107 17 116
22 82 5 90
1 91 23 101
6 107 19 102
11 104 24 103
21 125 8 126
7 92 18 93
29 107 15 97
14 122 17 124
25 105 13 96
30 107 4 93
20 109 9 115
2 110 28 99
16 109 3 110
26 96 10 112
4 102 23 119
5 113 30 94
27 100 11 83
13 104 12 111
1 94 22 88
3 96 9 108
6 98 7 87
19 104 21 109
18 97 29 121
8 128 17 125
10 117 24 107
25 113 15 98
14 83 26 84
6 112 28 106
23 121 3 95
16 101 1 98
20 73 22 97
5 120 4 114
11 120 30 104
17 106 2 102
21 107 10 111
7 115 25 109
8 107 12 104
29 117 14 110
24 97 26 94
13 113 27 110
9 108 23 115
22 105 7 100
28 96 2 78
1 86 16 115
19 123 15 95
14 122 27 112
12 126 10 106
6 119 30 115
11 96 25 94
17 111 3 119
29 117 13 95
8 100 18 96
9 113 7 106
22 100 4 137
23 132 6 130
30 97 1 103
2 111 5 104
20 122 16 98
28 92 12 73
15 93 26 94
24 103 19 122
14 96 18 113
13 115 8 134
20 102 17 115
5 96 3 124
11 102 21 108
10 120 19 126
27 116 25 105
4 117 12 123
23 109 7 97
15 130 9 117
28 112 22 101
14 97 29 112
2 106 1 112
24 100 10 117
9 98 28 108
3 114 5 105
16 93 21 115
20 109 6 123
17 102 22 86
18 113 15 94
27 98 26 85
8 88 25 82
13 100 19 113
12 93 4 119
1 113 23 121
30 113 2 101
7 97 24 124
29 119 10 79
14 99 11 105
2 110 3 97
6 98 20 110
16 116 28 109
22 101 30 92
23 130 17 95
5 87 9 119
18 112 8 106
19 122 27 98
21 137 15 123
13 100 14 115
25 102 29 93
26 96 11 83
