6 94 30 84
16 120 2 107
14 91 7 99
28 88 12 90
23 84 8 75
9 96 11 105
5 93 26 87
19 95 27 99
29 113 7 94
24 85 10 87
13 101 15 92
25 116 14 106
3 96 20 89
27 86 21 84
4 90 12 89
22 102 8 89
2 88 17 99
1 102 11 109
6 86 5 115
20 104 16 84
19 88 29 86
21 106 25 92
18 92 26 80
24 92 9 89
14 95 13 105
10 94 15 104
30 86 2 89
12 106 26 98
3 107 28 100
16 119 8 116
5 82 19 89
11 85 25 95
17 105 6 102
7 126 4 99
27 110 29 100
13 110 10 114
20 100 23 84
28 105 18 86
22 115 24 94
21 95 1 104
14 108 9 79
23 88 20 110
3 96 18 107
16 124 24 99
15 103 29 94
7 114 25 91
27 101 12 79
26 94 10 92
13 101 6 108
5 99 22 93
21 108 28 88
8 109 9 97
4 110 24 117
2 100 30 94
1 89 12 86
16 103 3 73
17 90 15 108
19 62 23 77
11 87 8 93
18 90 22 75
7 109 28 104
29 95 14 86
26 105 9 103
13 106 27 84
10 106 6 96
5 91 21 97
25 90 13 103
30 91 17 101
22 68 3 107
2 100 23 106
20 104 7 94
1 89 16 95
15 93 11 85
19 107 4 99
21 105 9 94
18 96 12 94
24 107 6 105
26 86 27 97
8 104 29 84
14 101 10 77
28 83 23 93
12 89 30 85
4 101 7 97
5 87 18 80
11 96 9 82
17 92 2 96
29 94 24 81
25 109 27 112
10 101 8 107
3 82 22 74
13 89 1 76
15 104 16 86
21 106 6 91
14 103 26 90
28 133 29 140
23 96 17 105
9 90 21 92
5 95 2 101
11 110 16 113
7 82 18 90
24 110 8 100
25 87 1 95
4 92 30 76
22 89 20 99
12 72 28 74
3 114 6 101
26 86 25 103
14 82 27 84
23 76 9 94
2 98 29 93
17 99 12 85
11 100 19 96
21 97 15 107
18 87 4 89
7 107 30 101
24 106 5 112
13 107 16 100
10 92 1 88
3 102 2 97
27 100 20 104
8 93 16 98
23 99 29 93
9 106 22 110
12 103 7 83
19 95 21 110
18 98 10 106
15 105 20 95
26 96 1 112
25 119 11 117
14 114 24 102
2 107 28 89
13 101 5 80
30 76 29 83
4 87 15 94
6 95 7 103
17 117 19 113
27 126 8 100
24 88 16 97
20 88 12 76
28 97 22 86
23 86 6 79
26 90 3 99
21 119 10 109
9 103 2 83
25 102 5 94
14 119 11 108
30 89 12 96
4 102 17 98
1 81 22 72
15 92 8 97
7 101 10 105
27 87 13 92
29 102 11 91
23 106 28 98
19 80 20 102
14 95 3 90
4 98 28 97
22 90 9 74
6 92 23 83
12 115 19 107
2 100 27 112
1 101 30 100
16 113 17 106
21 117 13 111
11 93 5 89
18 94 8 101
7 114 20 111
24 114 25 87
26 113 14 97
10 102 3 93
4 91 1 101
22 108 6 104
2 108 21 100
3 86 13 76
9 91 28 90
12 97 27 104
15 106 14 98
11 131 20 103
8 102 10 91
29 104 26 102
24 111 19 108
25 103 18 95
23 109 21 116
30 106 4 108
1 104 13 93
16 110 6 108
7 89 14 115
17 86 5 93
26 108 29 97
10 96 18 85
28 106 27 111
20 121 9 100
3 98 25 85
23 104 24 101
22 110 2 116
8 102 19 84
30 92 27 118
9 108 25 101
5 92 17 93
15 84 6 78
21 114 4 69
29 105 8 103
13 98 19 105
23 100 7 98
6 78 24 91
11 117 28 101
26 89 18 97
14 77 12 79
30 84 25 82
22 89 27 110
2 83 3 95
1 94 4 91
9 117 24 77
5 101 7 78
17 88 20 102
15 103 28 82
19 84 29 96
21 120 11 98
13 101 18 95
16 105 27 100
10 106 8 105
28 101 24 97
4 98 23 104
22 86 3 98
2 96 25 78
20 108 30 87
1 111 6 113
15 90 9 78
21 106 29 94
18 95 17 85
26 92 12 97
14 122 8 103
16 102 3 89
6 117 25 118
5 93 23 88
19 79 21 100
11 124 29 116
17 91 2 88
27 99 15 95
7 92 9 77
13 116 26 81
10 103 12 92
20 106 24 99
14 103 22 113
4 112 25 118
9 89 6 79
19 102 17 81
8 113 28 110
29 104 13 105
10 94 22 102
23 88 18 105
30 105 16 101
3 111 21 117
5 76 12 80
15 108 24 98
11 107 14 105
4 98 20 100
12 99 25 92
2 104 18 94
1 108 8 104
9 97 10 104
6 85 5 95
19 87 14 103
27 110 17 99
29 87 22 81
26 107 28 100
13 112 7 90
16 92 20 112
24 94 7 97
23 95 2 94
12 89 8 92
3 102 10 109
1 104 30 95
9 104 5 108
19 89 15 96
18 91 6 73
17 108 4 93
27 114 11 92
29 131 28 99
21 114 14 108
26 91 22 82
13 117 24 99
30 97 10 101
4 102 27 132
2 92 23 79
16 106 19 90
6 97 9 104
5 93 20 85
15 83 1 93
11 109 7 116
25 80 26 99
13 102 28 83
3 88 17 97
21 104 12 93
20 112 8 106
24 90 22 98
14 110 29 117
23 104 9 97
4 96 10 104
16 101 1 92
11 126 27 134
7 119 26 96
25 92 28 74
3 97 20 100
6 100 14 94
9 94 8 101
19 70 30 77
5 89 13 94
28 88 3 94
22 80 1 86
12 96 6 81
23 89 5 96
4 94 13 100
16 95 10 97
2 117 7 115
17 98 26 85
11 99 30 93
21 92 19 88
18 108 8 105
24 82 15 80
29 99 27 96
1 113 4 90
20 116 14 107
25 98 27 90
28 95 7 74
30 96 14 102
12 95 23 85
3 107 9 105
6 86 17 90
22 99 10 85
19 102 18 113
11 101 2 89
21 113 26 103
24 99 29 84
8 99 15 94
4 98 22 107
1 93 10 115
20 103 6 102
16 102 30 72
9 77 12 88
5 83 3 82
18 114 7 106
17 85 13 111
27 103 2 88
29 86 15 99
28 103 11 96
23 98 14 111
26 97 8 122
25 95 19 94
22 102 18 93
20 96 11 109
9 76 13 88
15 80 5 71
21 107 27 93
24 101 26 90
30 95 1 100
6 99 28 113
3 90 29 92
16 103 18 92
5 100 2 89
17 98 12 93
7 107 23 100
8 112 27 106
14 101 4 100
10 103 19 96
28 97 9 91
20 100 3 86
22 90 30 83
12 104 29 84
2 103 6 91
1 92 21 100
11 125 23 103
24 121 4 104
15 90 17 80
26 131 10 127
13 93 19 77
18 99 21 93
7 95 16 110
25 101 8 93
28 93 22 90
23 99 1 80
2 94 17 99
20 106 5 110
9 100 30 68
6 89 12 99
15 92 7 82
27 99 19 94
13 97 26 85
10 115 4 100
30 87 9 96
1 92 5 75
16 105 29 89
19 75 12 81
11 121 15 96
17 82 6 94
8 110 4 88
25 96 24 93
10 115 14 118
3 95 23 92
20 94 18 91
22 93 29 97
27 129 7 91
24 77 13 103
26 108 25 96
3 76 2 93
14 100 20 94
16 103 21 97
5 97 11 120
13 112 8 100
30 84 6 87
4 92 16 105
22 94 19 97
12 111 5 101
1 126 9 119
17 108 3 93
15 89 23 99
18 84 11 87
27 100 28 80
8 126 14 114
29 83 10 94
24 97 20 99
25 109 26 91
21 111 7 105
13 106 2 77
30 105 22 97
12 97 24 91
3 97 4 81
9 109 16 99
6 94 1 102
19 97 28 104
7 85 8 106
27 122 11 116
29 114 13 116
26 106 20 105
14 104 25 87
10 96 23 89
4 95 19 98
1 109 12 100
22 88 28 123
3 103 6 100
5 87 30 77
15 81 8 72
11 94 21 124
18 111 24 107
17 104 16 85
25 89 23 85
10 101 2 83
9 96 17 94
7 86 27 111
26 118 2 96
13 107 29 96
12 88 15 83
5 81 4 91
22 110 16 112
11 123 1 104
21 114 24 96
27 104 3 73
30 94 7 103
20 100 25 105
9 103 26 97
19 86 1 95
8 92 13 78
14 99 23 103
28 102 25 79
22 94 5 96
6 94 26 97
12 89 30 81
2 83 15 93
16 119 7 109
17 110 27 117
11 104 19 92
21 93 3 110
29 106 18 84
24 95 23 89
10 115 13 94
20 100 27 83
8 97 18 101
28 96 26 105
30 113 3 115
4 104 6 106
16 89 5 96
9 85 1 84
2 94 12 75
15 84 25 86
21 109 23 85
17 101 11 115
24 80 29 87
13 107 14 102
1 81 2 89
22 106 20 114
12 95 17 80
3 113 26 93
6 104 11 112
18 97 25 102
7 96 19 99
27 109 23 86
8 110 29 91
13 115 10 89
28 92 21 104
16 99 30 71
9 101 4 108
24 81 15 92
14 105 8 112
30 101 21 99
20 96 2 102
5 118 6 92
19 95 27 88
29 100 7 94
26 81 15 113
25 125 22 119
23 89 3 109
12 87 16 77
17 108 24 99
11 125 14 112
18 108 1 103
28 90 23 72
4 102 29 112
6 99 1 83
2 87 24 79
5 96 17 104
19 88 11 79
27 108 14 105
21 106 18 84
8 108 22 105
13 99 7 93
10 87 15 94
12 81 20 76
26 112 7 117
25 92 16 90
28 99 4 78
2 103 11 91
3 99 24 79
1 103 29 95
20 101 5 108
15 101 27 98
19 104 18 92
17 87 9 103
8 98 6 91
14 101 21 116
10 103 25 97
13 101 22 104
30 93 1 83
12 96 4 88
23 107 11 100
9 87 29 90
5 81 24 97
7 104 15 83
26 99 16 128
20 100 19 87
28 96 17 107
3 97 12 86
27 106 18 88
8 116 10 105
25 83 21 87
14 113 6 93
30 120 22 91
2 100 4 89
5 97 1 58
15 73 13 99
7 113 18 98
29 104 16 97
24 90 21 102
26 124 6 118
23 99 19 111
4 76 12 103
3 113 28 106
11 109 13 117
8 115 25 111
14 104 17 88
28 105 5 107
22 97 12 86
1 109 3 95
2 78 19 90
21 117 8 97
7 105 11 100
27 103 15 82
26 95 30 94
25 88 6 93
10 75 16 92
9 87 20 102
18 77 13 90
24 94 17 98
14 90 16 99
2 99 5 100
23 108 28 101
22 100 4 106
12 105 11 95
3 94 1 89
15 85 26 69
27 95 10 88
8 108 30 112
7 114 21 117
4 93 26 97
1 93 27 98
5 82 15 85
19 112 10 116
18 92 11 79
29 109 6 98
25 104 17 110
13 94 30 87
28 108 14 103
22 105 7 111
9 103 2 88
8 121 21 118
15 81 12 82
19 114 26 105
4 94 11 100
1 104 18 96
20 85 3 88
10 106 13 99
23 85 27 90
5 95 14 83
25 95 30 98
6 95 2 90
9 105 22 90
17 110 23 102
13 97 21 109
4 92 1 104
16 123 28 116
5 85 9 82
15 106 14 93
11 95 8 105
18 83 3 91
27 106 19 102
29 92 30 88
26 96 24 106
25 100 12 80
10 104 21 99
22 95 28 97
2 86 20 89
24 93 13 88
30 114 18 101
1 123 2 111
16 110 9 88
6 113 17 108
5 103 10 87
15 101 3 77
19 82 11 100
7 107 27 113
26 95 21 105
14 102 29 84
28 98 6 99
23 97 20 80
30 86 5 73
4 102 18 101
11 119 3 106
17 109 10 102
27 108 24 99
8 121 26 93
29 114 12 110
25 101 13 100
2 100 16 98
14 105 21 96
22 102 9 104
15 83 19 91
20 106 1 104
7 110 24 95
13 96 25 83
28 102 10 114
23 100 15 103
30 94 26 96
3 97 22 77
5 93 4 85
8 102 12 101
29 80 11 125
6 95 10 108
9 90 17 117
25 106 7 104
14 111 19 106
23 92 30 84
12 98 9 79
2 99 26 81
20 113 22 97
1 93 28 92
3 85 16 105
17 88 5 104
18 90 13 96
27 102 4 78
8 118 11 110
29 104 19 99
24 92 14 86
21 106 15 89
10 100 7 97
28 98 13 73
12 102 16 89
2 97 22 84
3 93 5 89
20 96 17 86
23 89 26 80
9 117 6 99
15 85 30 76
8 113 19 98
29 86 25 77
24 99 7 109
18 100 14 111
1 76 5 93
20 120 26 81
6 115 21 110
11 109 4 95
18 115 19 86
17 107 22 98
27 96 30 86
25 105 29 99
10 113 24 93
2 106 13 104
9 97 14 98
28 85 16 100
23 78 22 61
30 98 13 90
20 99 9 85
16 99 4 94
21 112 7 91
18 98 25 100
29 98 26 91
12 114 1 103
3 83 14 92
15 90 24 96
11 140 10 109
8 112 17 104
28 95 2 99
23 69 12 88
30 106 20 96
22 76 13 86
6 122 4 95
1 103 15 92
16 114 11 108
9 90 3 93
19 93 24 84
21 119 10 98
7 105 25 99
18 94 27 104
29 100 17 86
2 116 14 95
8 128 5 96
30 89 3 74
4 93 14 100
12 98 28 100
1 100 19 111
9 119 27 109
6 119 22 108
16 111 13 89
15 99 10 93
11 118 25 103
21 127 24 96
18 94 20 100
29 89 5 93
6 103 8 111
23 87 4 76
17 100 9 105
7 116 10 91
26 120 29 109
20 88 13 102
16 107 14 97
2 118 8 114
28 102 19 89
22 110 25 104
15 105 18 88
3 86 27 111
24 69 21 97
26 117 11 111
23 90 13 107
4 94 2 91
6 92 18 100
12 84 3 89
9 86 19 105
5 89 27 103
17 90 30 102
7 101 1 105
28 109 8 108
16 117 25 104
15 108 26 101
29 109 21 94
14 91 24 85
10 107 11 116
22 76 1 108
6 95 27 96
12 101 4 77
2 71 5 69
3 119 8 108
20 88 28 92
9 96 30 85
17 94 23 92
19 99 25 63
18 93 29 97
7 123 26 100
13 106 11 96
21 100 16 110
14 101 13 125
30 88 28 96
22 92 4 105
3 113 17 111
9 91 15 105
19 87 5 96
8 97 2 90
29 115 10 101
26 102 27 108
25 98 24 102
28 82 15 88
4 99 9 105
6 105 19 100
12 125 20 91
1 90 16 103
17 94 3 97
11 122 21 119
18 94 23 87
7 111 22 96
14 113 2 99
10 108 24 98
5 67 16 86
13 90 27 116
28 100 20 98
30 119 8 113
4 75 5 105
12 114 9 82
3 96 11 106
1 122 26 108
15 88 22 82
19 100 7 104
21 127 18 111
24 88 2 113
14 111 25 107
10 107 27 101
30 105 11 103
4 99 8 113
22 94 6 118
23 90 16 114
9 72 12 90
17 102 1 103
13 107 29 94
7 99 14 103
3 72 15 76
18 99 10 100
16 109 6 105
19 110 26 95
20 99 23 93
24 87 27 97
25 92 2 86
21 102 5 72
28 84 30 90
9 103 1 114
8 119 14 108
29 107 2 110
23 84 22 98
12 108 10 97
16 141 26 129
5 98 6 101
19 97 3 101
7 90 17 95
24 84 18 83
13 106 4 84
22 101 26 125
6 103 28 92
20 109 10 105
30 95 9 96
15 90 7 84
11 107 17 110
21 119 19 74
27 101 24 105
29 91 1 102
25 109 8 111
12 91 13 99
5 93 23 82
14 116 18 94
28 81 12 93
30 88 20 96
22 110 11 118
2 94 10 86
16 98 15 91
6 89 13 105
3 90 7 98
19 100 9 95
27 130 26 102
29 98 4 68
24 92 1 87
8 105 21 103
23 104 10 97
5 96 3 85
17 122 28 114
25 109 18 94
20 93 16 99
13 104 21 108
30 90 23 87
22 82 15 108
26 119 4 83
11 136 7 103
27 114 9 75
12 97 5 92
14 99 1 98
6 97 20 102
17 109 29 108
19 102 22 105
18 81 16 97
8 104 1 88
25 122 4 105
10 125 28 118
23 101 2 109
21 122 14 105
26 113 8 120
4 78 3 99
6 104 29 101
12 81 2 83
1 107 23 96
16 97 22 96
9 77 20 87
15 91 25 85
19 102 14 108
18 87 30 82
7 112 11 108
27 101 5 83
24 71 28 98
13 117 17 101
10 87 26 83
20 94 21 95
8 107 13 92
4 94 21 116
22 86 12 115
2 107 1 102
3 95 30 78
9 99 7 102
6 92 15 103
16 102 23 93
5 89 29 88
27 106 25 136
26 121 24 112
14 118 28 116
10 88 11 94
1 80 3 93
20 113 29 84
30 104 4 87
15 96 19 85
8 111 18 88
24 107 11 105
10 93 17 103
21 91 2 79
14 90 5 81
28 100 6 96
22 99 23 91
16 105 12 91
19 98 25 96
18 77 7 100
26 113 17 115
13 129 9 97
23 106 3 97
27 105 21 93
29 103 9 90
24 93 8 108
10 92 20 63
4 100 2 74
22 97 14 106
6 95 30 90
3 108 19 98
16 98 1 81
17 108 7 115
18 107 27 83
25 97 15 102
23 94 16 98
30 106 17 93
12 107 18 91
2 112 28 88
1 96 14 92
11 111 24 81
21 110 29 87
26 121 5 79
8 117 20 94
13 85 15 96
10 105 9 97
27 92 7 91
25 105 20 90
28 92 4 78
30 96 19 87
12 93 14 99
1 107 24 94
11 108 18 100
21 117 22 104
17 94 16 107
7 96 6 86
8 87 15 80
10 95 5 113
30 127 24 105
2 105 4 88
23 98 12 91
27 119 6 113
29 90 15 84
25 112 9 101
28 91 16 108
17 115 22 109
13 93 20 80
11 78 10 108
18 97 19 95
7 101 21 107
3 93 1 105
14 113 26 102
23 101 25 100
4 119 30 114
6 90 12 111
1 113 7 127
9 82 3 119
2 103 16 105
5 118 8 119
15 92 18 77
19 72 10 93
24 99 14 76
29 83 20 90
12 95 22 73
17 102 25 95
21 104 8 114
26 116 13 101
4 107 28 101
6 95 16 98
20 106 22 94
1 98 17 90
15 90 21 89
19 87 2 86
11 100 29 93
7 96 3 113
27 104 10 93
24 79 30 88
13 101 23 72
5 89 25 99
8 101 23 100
26 101 18 98
28 94 20 99
22 89 21 97
12 102 17 78
1 93 25 104
16 103 9 89
19 90 15 83
11 116 6 78
7 104 2 94
27 104 29 97
24 86 18 117
14 100 30 103
4 91 9 92
20 110 28 84
5 87 12 84
15 110 2 106
8 101 26 95
13 101 3 95
10 101 30 92
17 99 1 104
16 109 4 77
11 96 27 95
21 103 25 83
18 97 5 104
7 113 29 108
24 100 3 102
26 103 23 117
30 107 15 94
22 94 16 108
12 100 1 94
19 110 8 86
29 107 23 91
10 109 14 103
2 85 20 100
9 82 18 105
7 109 13 102
28 88 1 107
23 100 17 92
4 114 22 108
6 92 2 93
20 108 15 101
5 101 16 97
19 91 13 105
11 91 12 100
21 103 30 80
18 117 14 120
27 100 8 99
29 103 24 88
10 98 26 105
25 93 3 111
17 113 14 103
7 78 12 103
24 103 26 117
22 97 30 92
2 118 1 107
20 111 4 102
9 82 28 99
6 87 23 97
15 103 11 94
19 89 16 108
18 101 21 93
27 104 13 102
8 109 3 87
25 95 29 105
7 100 5 98
1 97 22 88
23 100 4 92
11 98 13 81
18 86 15 99
17 99 21 109
29 116 3 107
24 104 12 112
26 98 14 103
10 125 25 98
30 109 28 92
19 112 6 92
5 95 9 94
27 86 16 88
20 108 2 89
28 98 9 108
1 102 6 94
17 131 4 102
15 92 27 90
11 111 22 103
18 110 2 100
29 112 25 102
13 106 12 109
30 90 5 86
16 90 20 102
14 101 7 81
28 88 30 78
4 88 23 83
1 82 20 95
6 95 3 113
2 98 9 93
17 98 18 107
27 98 22 84
29 96 8 113
26 102 11 112
25 76 15 94
13 126 24 101
10 98 19 88
3 90 5 92
8 95 7 94
21 100 27 88
4 79 16 89
2 91 6 97
20 101 17 83
1 90 23 101
12 75 21 97
5 87 22 86
18 93 28 95
29 95 19 83
24 107 10 111
26 108 7 117
25 98 11 116
14 86 15 84
30 104 12 85
3 105 4 96
16 106 23 87
18 107 9 101
17 100 28 83
27 99 1 97
8 132 11 114
21 120 20 125
13 109 14 95
2 107 30 96
6 91 22 85
26 87 15 89
9 99 5 85
10 90 29 97
24 92 19 95
25 91 7 96
12 99 6 94
3 104 23 83
20 120 30 99
16 94 17 83
5 98 28 101
15 94 4 75
11 101 24 98
29 80 21 90
14 104 19 96
10 105 18 89
23 101 1 124
30 98 16 103
22 113 17 103
6 104 9 111
2 93 3 101
7 91 24 102
26 121 19 110
25 106 14 113
8 96 27 86
13 111 18 95
5 118 20 111
10 97 21 116
28 97 5 88
30 86 23 97
12 109 3 117
1 109 17 104
16 109 2 101
9 113 4 93
6 91 20 101
19 93 13 96
11 78 15 82
7 108 8 105
27 108 26 101
29 107 18 100
25 90 21 106
14 118 10 116
4 95 17 85
22 88 2 120
15 87 13 91
18 105 24 93
16 105 5 93
28 93 3 87
20 90 12 80
23 91 6 77
8 118 25 109
19 89 7 107
11 121 26 100
14 91 27 86
4 106 20 95
22 84 5 102
6 95 16 96
3 106 30 101
9 109 23 101
17 111 8 112
7 97 15 103
21 104 26 95
18 80 29 96
24 119 11 112
10 116 27 106
1 96 28 113
2 0 12 0
13 93 25 77
28 114 2 90
3 103 9 99
20 98 1 92
4 105 6 98
16 105 22 93
12 95 23 105
5 95 30 92
15 86 29 70
7 99 19 87
27 95 18 108
21 89 17 95
8 118 24 98
14 99 11 95
26 108 13 112
25 88 10 99
