12 97 22 87
16 107 5 95
14 116 13 103
6 98 3 94
23 114 16 110
28 93 2 87
9 113 30 102
20 90 17 83
11 96 4 83
18 120 22 115
19 90 12 95
7 118 1 109
27 101 15 94
29 98 21 101
24 104 25 91
26 90 8 88
10 125 14 94
5 82 20 81
13 126 10 115
4 90 6 84
22 110 19 90
30 102 23 109
1 102 28 95
2 98 17 105
11 113 7 105
15 111 9 108
18 100 21 81
3 101 16 100
8 98 25 113
24 87 29 84
26 101 13 110
14 85 27 91
12 89 6 74
23 107 5 104
19 105 4 84
7 111 15 99
17 90 28 97
29 93 11 104
25 115 27 105
10 98 26 87
9 87 2 77
16 103 30 93
22 107 3 86
21 103 24 96
20 100 18 109
14 105 1 103
6 93 18 92
23 90 10 110
15 95 2 88
13 137 11 118
28 95 16 104
3 104 29 88
9 91 12 99
20 97 4 102
19 98 24 104
7 123 14 104
8 94 27 102
25 101 11 116
26 100 1 105
4 92 28 90
12 97 5 80
22 98 13 90
23 102 30 116
2 97 29 87
15 84 19 99
17 109 6 104
18 93 10 106
27 99 24 96
21 107 7 93
16 102 13 97
8 109 1 107
11 98 14 99
4 91 20 101
12 91 28 84
22 89 2 91
23 94 6 79
30 112 3 108
9 110 21 119
5 97 29 73
18 116 7 108
19 96 14 85
27 76 10 74
24 114 8 103
25 104 26 91
28 115 29 91
1 104 22 94
3 91 12 96
6 127 23 125
16 110 2 111
11 94 13 107
15 108 10 90
17 83 7 91
26 85 25 96
20 89 27 120
21 106 30 105
24 101 19 94
14 90 18 113
4 94 1 103
12 95 15 79
23 85 27 109
2 120 22 105
5 96 6 81
11 110 28 104
29 81 8 100
25 109 9 103
13 109 18 107
16 118 17 95
7 105 30 95
10 113 9 95
14 116 19 95
22 94 17 91
23 123 11 117
2 83 4 89
15 87 28 103
18 124 6 95
1 91 20 95
27 92 30 79
8 111 14 99
29 111 19 105
25 90 24 89
26 107 3 86
13 111 21 103
20 106 11 109
10 116 21 115
12 104 17 77
28 80 5 96
1 113 23 103
2 96 25 109
6 80 4 86
16 110 7 104
8 117 18 113
24 98 3 100
29 82 27 91
14 86 15 89
26 90 9 97
4 81 16 97
22 100 7 108
30 96 6 103
20 90 1 110
5 110 12 94
11 122 8 111
18 106 2 88
19 135 23 98
17 79 21 92
10 102 29 88
13 110 3 103
28 110 25 118
26 86 15 97
14 114 9 99
3 98 25 108
5 86 4 81
21 115 8 113
7 97 23 94
29 87 10 98
13 102 15 106
30 104 18 100
9 92 20 86
16 104 1 88
11 109 2 85
26 107 24 104
4 95 3 91
6 91 30 98
20 96 12 103
22 92 16 120
23 98 28 108
1 93 9 85
17 82 25 91
18 98 13 102
19 105 29 98
27 104 2 93
24 106 26 113
7 123 11 120
10 81 15 88
21 105 13 91
8 97 5 87
4 91 24 98
23 115 17 107
28 96 30 88
2 82 12 97
9 89 1 96
15 86 27 102
18 111 3 81
19 104 6 100
7 103 29 93
25 98 5 95
14 102 10 95
13 103 26 102
12 106 23 98
30 98 20 89
1 87 2 94
16 101 22 99
11 112 18 101
17 72 4 96
27 126 6 96
8 102 7 100
10 101 25 113
3 97 9 109
13 121 5 82
22 96 24 104
21 95 29 73
14 100 26 86
4 86 2 96
12 98 18 84
9 113 17 94
16 107 24 92
15 86 11 93
7 96 8 110
27 112 19 93
29 89 5 83
25 102 20 91
28 100 3 102
30 116 14 111
1 92 22 109
19 101 10 102
4 74 12 99
22 105 23 94
2 93 15 100
3 94 14 99
6 84 16 95
9 79 5 99
11 113 1 84
17 92 30 100
18 110 8 117
21 94 27 88
7 103 10 99
24 120 25 106
13 93 20 80
4 92 17 76
22 91 27 109
28 83 16 90
1 88 7 87
2 103 6 86
9 102 14 106
11 114 3 95
21 113 10 112
12 93 30 73
23 105 19 121
8 97 20 95
29 101 24 112
26 98 13 104
30 108 1 101
6 97 5 93
15 88 3 97
7 106 18 112
27 106 11 112
24 104 29 112
17 92 2 85
28 98 8 112
13 100 12 105
9 115 23 100
26 113 10 115
16 99 4 98
21 113 18 103
20 99 19 103
14 108 25 114
30 98 22 80
5 128 19 131
27 102 1 100
29 109 11 103
25 106 12 102
23 126 22 125
2 108 17 100
3 87 8 111
16 97 9 107
15 110 24 91
7 89 4 82
26 95 21 97
10 112 28 103
6 98 8 88
1 107 13 97
11 88 24 97
17 98 9 105
19 97 7 100
29 86 12 95
18 110 27 91
25 111 21 104
3 83 20 113
15 81 13 101
5 107 16 87
4 105 23 88
30 105 17 109
1 108 6 89
2 106 8 98
20 121 22 83
11 105 10 83
19 95 21 109
24 106 28 97
25 130 29 98
26 100 14 106
23 92 8 103
6 88 13 82
5 75 9 92
15 82 10 108
18 82 16 103
17 82 3 90
27 100 12 111
29 102 26 112
25 106 7 108
20 73 2 114
9 95 16 110
11 98 22 88
21 118 12 94
14 94 28 106
4 115 10 111
23 83 13 94
30 74 8 75
15 94 22 85
29 94 25 105
26 112 7 97
6 109 20 94
12 90 16 84
28 103 27 116
1 92 21 101
3 104 2 96
9 94 18 121
5 74 17 78
14 108 24 114
4 83 22 92
2 88 13 96
15 100 21 116
17 77 27 109
18 106 23 99
19 111 9 106
20 83 5 78
26 101 29 122
10 95 7 93
3 102 13 93
25 111 11 104
12 99 4 94
22 100 6 109
28 108 23 100
1 101 30 99
2 90 20 86
9 103 3 99
19 104 15 98
21 122 14 97
17 90 5 91
27 117 18 110
8 93 29 103
24 116 26 107
10 112 11 116
4 85 14 88
30 97 13 113
16 114 6 107
20 111 1 106
5 77 28 99
23 105 25 139
7 106 17 93
29 84 27 100
26 106 11 91
15 93 18 101
9 109 25 111
21 101 22 98
8 102 19 93
24 106 10 102
12 96 9 101
1 114 14 100
2 101 18 97
3 130 23 94
16 117 29 94
20 101 30 102
5 82 22 83
13 115 27 92
4 95 26 87
6 116 25 119
15 92 14 96
8 93 21 105
10 104 19 93
16 97 12 94
22 82 29 86
28 102 4 104
1 124 26 107
2 106 9 107
3 107 30 113
17 101 20 107
18 120 25 109
7 105 15 91
24 101 27 108
11 109 5 94
13 108 19 95
21 107 5 95
10 102 27 104
23 121 3 120
1 118 29 85
6 114 17 111
9 106 4 116
16 122 26 103
12 114 11 81
7 108 28 109
8 99 24 103
14 104 18 91
20 87 15 95
2 99 30 106
4 85 29 88
22 100 26 105
9 97 11 114
5 100 6 84
17 116 23 106
27 100 21 113
24 123 7 108
25 110 19 107
10 102 14 83
13 112 8 91
12 106 2 79
21 98 28 104
13 120 18 116
4 111 17 110
6 92 9 115
22 98 20 103
3 86 12 103
16 121 1 119
11 104 7 111
15 104 29 94
27 112 28 99
8 81 10 89
24 117 14 90
26 100 19 113
3 78 5 95
20 94 21 123
14 95 16 101
27 98 11 111
10 105 13 103
6 125 1 127
11 100 15 92
7 107 27 116
25 116 13 112
4 85 21 89
22 109 9 92
3 104 17 93
20 83 28 95
18 120 30 98
19 105 8 89
29 105 14 103
26 108 16 103
10 115 24 86
2 103 6 100
12 105 3 91
28 115 20 100
30 106 9 82
1 118 4 116
5 83 7 105
11 107 19 98
15 120 8 99
17 95 18 117
24 115 23 101
25 107 16 108
13 98 29 90
6 104 10 108
22 109 1 102
21 117 11 86
27 112 26 104
14 104 23 111
9 99 30 106
15 91 5 95
18 98 7 100
19 110 25 108
8 94 16 97
29 83 4 80
13 88 24 107
2 91 1 92
12 91 6 76
22 81 10 94
5 79 28 85
11 106 26 110
27 113 3 92
21 94 25 98
14 79 17 94
30 78 7 87
28 95 12 82
18 124 19 112
8 102 23 114
13 112 4 85
6 87 22 81
16 114 10 123
5 94 2 82
21 93 3 95
27 101 20 105
24 91 15 99
29 96 17 87
25 134 4 104
26 104 23 113
30 88 28 101
1 100 10 101
2 92 19 95
11 102 20 100
7 112 13 119
8 111 15 108
14 110 29 99
12 99 19 82
22 94 16 110
3 89 6 82
5 91 1 84
18 111 21 115
27 116 13 92
24 116 17 100
25 99 23 101
26 103 4 113
9 84 15 112
6 78 12 82
16 102 28 97
30 96 10 112
21 119 2 96
7 80 20 92
14 115 8 137
23 95 18 126
3 91 1 86
13 101 22 81
4 83 30 97
6 111 23 93
12 86 28 79
16 107 19 88
20 89 9 85
5 92 24 87
15 108 27 110
17 80 10 101
7 110 14 97
8 129 2 98
29 112 21 101
26 123 25 119
27 112 7 90
28 112 9 91
1 97 12 87
3 102 10 98
18 103 24 104
19 96 30 102
11 113 14 99
25 110 22 94
13 111 2 105
20 102 16 92
8 101 21 88
12 93 30 66
23 104 9 114
1 83 11 80
15 104 24 99
18 119 4 92
19 90 7 107
3 104 16 95
17 72 5 81
29 102 6 113
26 103 22 83
10 99 2 97
13 123 14 87
28 96 3 80
30 107 11 114
9 110 24 108
23 92 20 102
5 103 4 97
21 101 17 85
7 110 19 107
8 120 22 94
25 112 2 104
26 124 6 80
15 108 1 101
27 104 18 86
28 116 17 94
2 92 11 104
20 98 24 96
5 88 30 102
19 95 27 101
7 107 22 88
29 118 8 103
4 108 20 98
12 116 26 92
15 90 21 87
14 118 6 120
22 125 5 128
23 95 4 92
30 114 16 97
2 88 28 83
17 77 15 82
18 108 26 111
19 100 11 103
27 109 29 105
24 121 14 114
25 108 6 96
10 116 8 123
13 129 7 127
12 117 20 89
1 110 3 127
11 92 21 104
20 95 13 109
22 101 4 111
23 86 16 101
28 94 18 89
30 96 5 93
2 104 14 107
9 89 29 110
15 91 26 90
27 100 25 109
8 109 6 117
24 107 7 110
21 127 10 121
4 96 16 104
12 106 13 92
30 98 9 104
5 103 23 78
11 114 17 104
18 98 29 72
19 87 10 97
7 111 25 127
28 106 14 112
22 93 2 91
21 108 26 93
27 110 17 82
24 117 8 103
6 97 7 102
9 103 13 112
4 100 28 95
30 107 23 99
20 80 3 103
15 92 19 95
1 121 16 114
5 102 14 100
11 126 25 113
10 94 12 102
3 101 22 90
16 93 2 86
19 97 26 114
21 105 25 97
29 97 18 112
4 95 13 91
6 87 5 98
22 109 1 112
28 93 7 85
30 111 2 113
20 106 23 110
11 119 26 98
17 104 9 101
24 124 12 100
27 105 21 111
16 109 14 102
25 110 8 105
22 114 14 105
23 95 28 104
1 79 27 105
2 83 21 101
3 107 7 106
6 93 17 78
9 101 19 103
20 125 4 96
5 95 13 112
11 87 15 88
24 95 30 101
26 111 12 116
10 120 18 121
4 87 5 89
28 118 13 126
23 91 21 103
15 99 11 81
17 87 1 112
8 109 12 96
29 104 30 101
25 115 18 104
16 113 27 101
20 110 14 103
19 100 22 92
6 90 24 99
2 79 3 85
7 116 9 106
10 103 25 88
26 117 8 125
23 113 24 124
3 103 28 104
5 86 18 95
17 86 13 114
21 111 1 109
29 106 26 99
6 89 19 100
9 103 22 87
20 114 2 88
11 97 27 90
25 81 15 98
10 85 30 88
14 92 12 104
16 95 21 112
28 98 22 83
1 95 9 102
2 94 23 95
17 117 24 126
18 88 19 77
7 115 11 117
8 98 4 101
27 86 5 96
26 89 15 99
13 110 30 103
12 94 24 102
20 117 6 86
10 111 13 92
22 113 17 102
23 99 1 125
18 90 15 94
3 95 21 120
7 107 26 103
8 90 28 100
14 100 4 110
29 90 10 95
12 97 3 96
30 96 21 81
1 120 18 113
9 113 23 96
11 106 6 92
15 99 17 90
19 88 5 79
27 95 26 93
20 91 16 106
24 105 4 95
25 106 28 103
13 102 29 87
2 96 22 89
12 98 22 79
30 100 25 90
3 108 23 102
16 102 9 96
17 101 20 98
19 95 27 102
21 86 15 77
7 124 6 107
8 116 13 115
29 79 28 94
26 99 5 70
1 85 12 89
18 109 14 99
24 92 5 101
10 75 4 91
6 108 14 119
23 108 2 114
30 118 27 125
20 90 25 94
11 122 24 108
15 96 7 110
19 105 1 100
21 106 18 97
22 112 9 98
8 110 17 100
26 109 28 101
13 112 16 116
3 103 27 89
10 102 5 87
12 118 25 113
22 103 21 102
23 98 14 112
30 113 6 115
2 99 26 89
9 111 3 95
20 117 8 90
7 103 29 81
19 98 18 91
13 118 28 105
4 100 27 104
1 76 15 79
9 126 8 109
18 110 25 117
17 95 11 101
24 122 10 109
29 94 16 89
21 112 20 100
14 86 5 92
2 91 7 102
3 93 19 81
6 91 15 83
22 93 12 92
30 93 26 84
13 123 23 78
12 119 8 80
28 108 19 101
9 109 27 100
17 86 2 102
18 89 11 107
10 123 23 80
4 114 7 89
6 109 26 99
5 100 1 85
15 92 30 89
24 97 16 103
25 95 21 98
14 79 29 96
12 73 7 81
22 81 15 86
28 104 1 83
2 92 27 104
3 105 4 89
9 89 6 93
20 101 26 106
11 113 30 112
17 98 19 102
18 117 8 90
29 105 23 100
10 110 16 111
13 122 25 117
5 92 3 76
14 103 21 107
12 108 1 98
23 85 6 114
30 93 28 103
9 96 4 108
15 98 20 93
17 104 22 100
7 106 16 117
8 107 24 112
13 103 27 113
4 116 9 98
6 101 22 93
28 92 5 94
1 97 30 114
18 104 12 91
19 91 20 98
24 100 2 94
29 99 3 105
25 109 27 111
26 92 10 101
14 108 11 134
17 90 8 101
21 81 16 103
10 102 11 99
4 90 19 87
22 129 20 121
23 112 7 124
28 98 6 91
9 115 1 107
5 117 8 89
15 102 13 96
24 106 27 85
25 102 29 94
14 101 2 92
4 92 15 89
30 94 19 93
1 107 20 98
9 102 7 113
17 100 12 110
29 104 18 121
26 105 2 98
10 93 3 86
21 117 13 125
16 93 5 79
6 83 30 96
28 105 22 90
8 95 26 109
24 112 11 115
14 102 3 108
25 108 18 97
23 110 17 130
9 96 10 104
20 108 7 110
19 110 13 123
29 110 2 98
6 93 28 99
12 118 14 98
30 115 22 106
1 103 5 107
8 95 25 100
24 101 18 110
26 103 11 129
23 90 22 101
2 115 1 104
5 103 10 83
7 108 19 89
15 108 14 103
21 104 6 114
27 120 9 110
29 109 24 86
25 124 3 80
13 101 11 93
12 101 17 96
28 129 30 134
16 108 20 82
8 89 3 112
6 99 29 79
21 113 15 107
20 103 10 126
7 91 5 100
27 92 4 82
14 126 26 122
24 116 19 104
16 112 22 98
23 103 30 122
11 118 9 110
2 97 12 102
17 98 3 107
15 110 6 96
25 102 8 96
26 97 18 108
13 108 19 76
5 109 20 90
28 104 10 98
12 94 29 91
22 92 23 81
21 116 4 99
27 112 7 106
24 129 1 120
30 104 15 110
3 96 5 80
9 96 20 85
16 124 4 107
17 114 29 88
8 128 18 132
25 106 14 107
26 96 19 89
6 101 27 122
12 96 10 98
11 106 16 103
21 125 23 92
24 96 13 104
14 125 19 132
4 109 12 87
22 89 11 101
30 104 29 91
2 88 10 108
3 103 15 94
9 94 5 105
17 102 26 116
18 106 20 118
8 115 7 110
25 102 1 78
27 111 16 87
24 128 21 122
14 94 13 142
5 77 15 85
4 101 6 92
28 99 26 87
2 91 3 84
20 108 29 81
18 114 9 101
19 112 17 104
7 103 25 98
8 134 14 126
11 112 12 86
10 111 1 97
6 97 20 107
23 92 29 104
15 111 4 89
17 107 30 114
27 121 22 112
13 109 1 108
5 95 16 88
14 114 21 110
19 111 8 107
2 118 9 111
3 104 26 89
11 118 25 113
18 104 28 111
7 105 12 94
10 113 24 107
4 105 8 98
3 101 28 97
16 99 30 90
20 123 23 110
17 105 22 98
29 110 1 112
13 112 24 105
12 94 2 83
9 99 26 89
5 96 27 104
15 109 25 99
18 112 17 101
21 106 11 98
10 108 7 85
16 95 3 96
22 112 8 120
23 98 26 115
28 101 9 87
30 85 4 98
2 92 20 116
19 88 15 90
29 101 7 108
27 103 25 90
24 101 6 110
13 111 10 98
5 111 11 87
1 102 17 97
21 131 14 102
4 105 18 93
22 101 30 105
23 94 12 101
28 99 15 86
2 80 24 87
16 107 8 111
19 103 25 111
27 119 14 85
29 87 13 96
10 94 6 103
20 115 17 94
30 101 3 94
1 97 8 92
9 104 12 112
23 77 15 103
5 94 26 87
17 92 4 101
28 113 24 121
16 113 11 104
19 121 2 120
18 104 26 102
21 86 7 109
27 122 29 104
25 112 10 113
13 102 6 80
4 83 1 97
12 99 23 90
3 108 24 95
5 85 21 97
11 124 29 86
7 94 2 89
8 110 13 100
6 96 16 100
1 118 28 113
25 120 17 115
26 117 30 111
10 103 22 89
23 94 5 102
2 101 16 96
3 104 4 99
15 96 29 86
19 100 28 107
20 92 12 86
7 122 18 123
8 118 9 109
24 109 22 93
14 109 27 125
6 95 21 102
11 129 18 106
25 116 30 103
10 115 17 110
12 91 5 79
23 92 20 93
28 118 21 119
1 105 19 111
3 114 2 98
16 91 15 86
7 122 8 106
24 98 9 92
26 79 27 99
14 107 30 117
4 124 25 94
6 111 11 118
5 91 23 81
15 82 12 71
19 105 16 95
29 89 22 88
10 90 27 99
13 112 9 103
28 96 1 86
18 120 24 127
8 105 30 102
26 124 17 107
7 104 3 107
20 100 6 106
14 103 22 94
4 89 11 100
1 95 24 102
16 93 25 91
5 89 12 77
15 109 18 92
19 109 3 104
21 117 8 96
27 113 23 91
29 94 9 114
13 106 17 98
6 102 28 100
22 95 25 85
7 128 21 119
14 127 20 96
4 116 3 111
30 93 24 99
2 90 28 99
9 96 6 97
18 107 1 83
19 98 13 96
12 84 16 83
27 108 8 103
26 99 20 107
29 87 15 91
1 85 25 100
11 120 23 98
17 108 14 105
7 103 13 109
22 110 4 105
28 105 2 103
30 91 12 78
3 108 6 97
9 78 16 110
5 74 25 91
18 143 14 107
19 102 29 95
21 94 26 81
8 102 27 133
24 112 20 88
10 100 15 93
23 123 9 98
11 107 13 118
30 101 1 97
7 103 26 100
17 67 16 88
27 96 19 80
21 116 29 96
6 90 12 76
3 114 18 99
22 93 28 98
2 102 5 107
10 84 20 89
25 105 15 98
14 115 24 99
4 100 30 94
12 77 27 103
1 103 23 95
9 116 17 111
16 93 28 83
5 94 2 80
18 104 13 114
19 97 26 102
8 92 15 94
29 83 20 92
3 105 11 96
7 120 10 122
14 112 25 124
12 101 9 94
20 110 3 81
22 98 6 119
23 93 4 123
28 107 11 103
30 118 2 92
1 92 5 105
16 96 17 77
18 102 15 88
27 111 10 90
8 137 19 107
24 108 13 112
26 107 14 102
21 106 27 94
13 107 7 113
15 100 8 92
4 91 22 80
28 102 12 94
1 117 6 98
2 102 23 111
3 116 9 104
16 121 18 122
20 89 30 90
5 102 17 90
29 100 19 96
11 111 21 107
25 93 24 109
10 102 26 69
14 95 7 107
22 100 18 92
30 78 5 96
6 94 4 96
9 115 2 111
23 101 3 105
17 98 28 102
16 102 20 91
13 120 14 97
26 91 7 93
12 88 1 107
11 130 8 125
27 112 15 92
10 130 29 102
24 122 21 115
25 100 19 94
16 87 3 88
29 83 7 95
26 92 21 107
14 130 11 145
6 122 9 100
22 115 3 111
28 125 23 114
30 88 4 94
1 105 2 97
15 107 16 102
17 102 12 104
18 87 5 102
19 88 24 94
8 123 11 116
25 100 26 99
13 101 21 107
7 100 27 109
10 99 8 100
22 86 30 96
28 100 20 108
2 106 4 103
3 88 1 93
16 98 12 86
5 106 9 98
15 117 23 95
18 112 11 110
21 116 19 94
17 119 6 116
27 112 24 104
29 99 25 111
14 95 10 112
13 117 26 101
4 111 23 105
30 104 17 91
1 98 16 85
6 99 2 111
11 111 19 104
7 101 24 98
8 101 29 94
20 100 5 89
9 107 28 116
3 97 22 88
12 102 21 97
25 119 10 117
26 106 18 103
14 90 15 102
23 113 2 108
28 110 17 100
30 114 16 93
1 93 4 95
5 108 22 95
11 104 27 98
19 101 21 89
29 104 14 119
24 91 15 97
10 130 18 120
3 98 20 109
13 117 8 105
15 106 7 105
17 103 1 111
18 130 29 136
19 105 11 100
21 112 9 111
27 100 14 113
2 102 30 118
4 91 5 86
6 114 3 85
16 87 23 100
20 95 28 92
22 86 12 101
25 110 13 104
26 99 24 104
8 112 10 116
