6 117 20 88
25 113 29 104
10 100 27 129
22 96 16 108
12 130 7 121
2 122 3 117
28 109 9 91
17 96 4 107
15 102 18 98
19 102 8 107
23 97 21 103
24 94 26 113
14 120 11 114
1 114 30 99
5 105 2 99
26 94 27 102
25 106 13 114
28 91 6 94
3 103 12 94
9 108 22 82
21 113 24 110
16 91 4 97
7 98 11 106
29 96 14 89
19 114 10 122
23 72 1 104
4 98 2 104
20 111 15 104
6 105 22 99
5 118 12 101
17 110 3 108
27 98 19 79
8 113 25 115
26 106 18 103
13 88 29 75
24 100 10 106
16 99 27 106
9 98 17 83
15 112 30 103
21 113 14 96
11 93 7 92
28 105 8 102
3 88 5 118
1 106 26 95
13 116 24 98
23 101 22 103
6 128 11 120
12 115 14 108
16 108 26 96
9 102 20 89
19 113 17 117
18 116 15 80
27 91 29 106
25 104 10 127
30 103 28 113
4 109 23 93
3 109 9 101
20 99 11 118
1 116 14 123
15 89 19 83
2 107 5 100
29 97 7 81
24 118 25 115
13 83 21 85
22 102 26 94
17 125 12 107
18 99 8 102
6 128 2 122
10 122 21 96
30 95 1 92
28 96 16 87
3 95 4 99
5 104 20 117
15 88 13 99
19 111 24 112
7 95 25 105
29 86 27 100
14 117 10 97
21 112 18 92
23 101 6 102
22 88 30 86
9 103 8 86
12 111 5 94
1 112 11 97
17 117 26 91
27 92 13 116
20 109 29 114
15 94 25 100
28 91 26 96
7 86 17 75
2 107 8 123
14 119 24 108
23 84 29 109
30 106 11 114
4 122 12 100
5 112 22 80
21 97 16 85
13 114 9 82
10 116 19 106
6 106 1 110
3 119 18 110
15 108 8 107
25 124 24 121
14 97 7 109
26 102 19 94
20 110 3 96
30 118 2 93
4 104 29 98
22 107 18 123
12 122 23 115
1 115 5 107
21 102 28 112
24 107 9 100
27 99 11 101
13 111 25 80
10 116 7 95
17 106 19 112
16 95 5 98
8 101 10 125
26 91 14 101
23 109 12 105
30 94 6 105
4 111 28 113
22 74 29 87
2 115 20 87
21 108 13 110
27 96 9 86
25 122 26 120
19 99 14 126
12 99 2 105
28 118 20 107
1 117 23 96
5 106 30 95
11 100 27 106
18 105 13 119
16 91 29 102
17 106 15 96
8 95 9 106
24 104 3 122
6 100 4 93
21 117 22 119
18 125 14 99
10 133 24 120
25 112 8 105
12 88 22 69
20 93 7 77
9 104 21 88
19 106 2 105
11 115 23 88
27 94 16 90
29 96 15 102
13 127 3 95
6 121 28 117
16 90 1 93
18 108 4 115
25 88 5 113
14 125 3 118
23 109 30 102
22 89 19 82
12 103 6 93
2 90 7 83
20 105 9 102
1 107 17 100
21 105 11 103
28 121 10 127
8 120 24 104
13 107 15 111
26 105 27 110
30 119 20 112
16 96 17 73
11 126 25 109
18 110 23 86
29 77 5 85
4 100 1 96
6 104 9 81
12 96 24 116
19 113 25 101
21 124 3 105
2 88 10 104
7 64 15 80
8 111 28 113
14 107 27 116
26 115 13 121
11 111 29 102
19 121 4 116
30 111 16 114
22 95 7 87
9 92 2 94
23 120 24 105
15 93 18 71
17 121 10 124
13 102 5 95
20 104 1 94
3 109 25 129
21 111 12 115
26 102 28 99
8 105 29 91
14 110 5 118
23 101 16 94
30 106 24 101
4 90 15 105
12 83 10 120
9 96 11 99
17 93 22 89
18 93 2 99
27 96 7 91
13 123 28 115
20 107 25 103
1 94 19 112
8 110 5 107
14 111 21 109
23 99 15 104
4 114 27 119
22 87 24 92
6 137 25 125
12 85 1 96
3 92 2 111
9 107 16 84
11 102 28 115
7 104 13 124
29 108 8 83
19 117 18 96
10 149 14 106
26 116 21 101
2 103 27 109
22 91 30 94
6 128 7 90
20 113 4 111
23 89 5 105
9 108 13 97
29 95 1 68
17 99 28 105
15 81 16 90
12 118 3 97
8 129 21 132
24 85 18 98
25 119 19 104
14 85 10 109
26 104 11 117
30 100 27 112
4 107 20 102
21 106 9 88
16 107 15 110
10 115 18 102
23 108 6 112
24 114 8 120
3 105 26 122
22 96 17 104
12 91 13 70
7 91 19 81
25 114 11 130
14 109 1 94
30 101 26 95
28 122 23 95
20 103 21 112
16 104 2 112
15 85 4 104
18 103 29 112
10 105 1 100
4 89 9 112
3 127 13 122
17 118 6 101
19 105 14 88
27 83 22 95
29 120 11 101
23 122 26 119
2 114 9 121
28 120 15 105
5 90 14 96
21 126 30 115
18 104 20 106
7 87 27 94
8 98 16 106
24 109 1 107
25 131 12 109
4 97 7 87
3 93 17 111
15 95 22 94
6 94 13 113
29 110 16 111
10 127 11 132
23 88 22 105
2 97 26 92
28 113 14 80
20 118 18 114
5 111 6 105
19 96 13 114
1 85 9 121
27 107 30 105
8 110 11 128
17 112 3 103
4 120 18 125
28 128 1 84
23 106 2 107
15 103 14 100
7 107 5 82
29 105 8 98
25 99 16 92
10 138 24 109
9 92 22 98
21 101 19 92
20 106 26 98
13 102 12 111
23 98 8 106
28 112 6 116
3 113 30 118
1 99 21 102
5 110 25 112
17 96 27 97
19 108 15 110
11 107 2 106
7 101 4 109
14 101 29 107
10 142 12 106
30 116 22 124
16 103 20 114
9 102 5 91
15 96 23 91
18 91 27 105
29 112 24 105
4 87 9 77
22 87 2 117
3 116 8 111
1 103 16 95
17 115 25 107
11 134 14 95
20 94 6 126
7 89 26 120
24 94 12 109
13 98 10 115
28 124 18 110
30 92 8 85
15 88 25 86
19 88 23 99
29 99 10 106
5 95 27 91
4 109 22 88
6 114 16 84
2 94 28 101
17 110 1 114
21 99 11 102
18 90 9 117
7 111 12 103
14 115 24 119
26 100 20 103
30 110 17 105
22 113 8 121
12 118 25 111
6 116 4 105
5 105 16 100
15 110 10 89
11 109 7 87
27 130 3 101
29 104 26 84
13 133 19 105
9 79 23 97
21 99 2 96
18 108 10 116
24 119 19 120
14 112 20 118
12 110 4 94
28 122 17 100
16 112 30 101
11 122 3 118
7 112 8 92
13 121 25 120
26 116 14 92
6 103 15 86
1 120 22 131
5 94 18 99
19 109 10 113
24 113 20 111
25 114 21 95
23 114 28 123
30 109 4 106
22 108 13 113
16 95 12 89
3 107 14 97
15 93 6 85
11 132 26 98
7 85 9 95
29 109 21 89
27 108 2 101
17 108 5 97
19 102 12 95
8 132 25 120
24 92 27 107
10 103 20 90
30 122 9 108
22 118 3 111
2 96 4 88
28 121 1 125
5 69 17 95
15 92 26 96
11 122 19 100
23 89 14 100
16 98 13 102
29 103 7 100
21 114 24 101
9 90 12 105
1 99 4 107
6 119 14 108
18 109 11 111
8 127 20 114
10 135 25 90
30 117 13 110
15 73 29 82
23 108 3 107
22 79 28 109
16 95 2 105
7 99 26 79
27 113 19 100
12 107 30 105
5 113 9 82
21 108 1 110
18 115 24 108
8 117 7 107
23 93 19 108
4 117 14 113
28 116 3 104
20 118 12 111
16 130 22 136
17 108 6 114
15 109 2 112
11 100 27 102
13 119 8 102
10 104 29 74
26 126 25 121
6 113 17 102
1 84 18 92
9 86 15 98
5 97 30 107
19 110 21 121
29 93 26 94
24 111 11 125
25 95 7 96
3 101 10 117
20 106 22 95
16 115 14 107
12 102 2 109
13 106 27 101
4 103 5 91
22 109 14 90
6 119 3 99
2 112 21 117
9 113 10 119
17 123 30 96
15 115 11 109
19 91 16 87
18 105 26 109
8 108 1 109
29 98 28 104
24 123 23 116
25 90 27 110
13 88 7 90
20 114 2 119
6 109 10 108
27 119 5 100
21 112 18 100
14 111 13 102
30 107 17 102
22 112 15 102
3 120 4 118
9 106 6 90
5 90 12 85
19 111 7 104
11 131 24 115
18 104 1 90
25 91 28 95
13 102 8 106
26 102 23 100
2 113 15 103
16 94 21 106
7 107 11 123
14 100 29 102
30 111 12 105
22 101 4 120
1 102 20 98
9 94 17 119
5 101 3 99
19 102 13 98
27 119 24 98
8 105 18 103
25 102 26 89
10 121 28 111
4 91 16 82
15 114 21 80
6 124 2 118
29 100 23 83
24 99 28 91
14 89 7 101
12 111 5 101
30 118 3 95
2 117 16 114
19 104 20 92
11 140 13 116
18 116 17 99
1 105 9 98
27 110 25 94
8 122 23 124
10 108 7 99
26 98 15 112
5 96 17 116
11 129 20 122
4 109 6 121
29 91 24 86
21 114 13 88
1 114 27 112
16 98 9 107
12 117 22 104
18 89 25 95
14 114 28 123
17 98 21 94
6 90 19 82
3 89 29 101
20 103 22 115
5 118 4 111
11 101 30 91
13 109 24 98
10 127 8 119
23 93 18 91
2 115 29 104
9 116 12 121
7 113 30 105
27 110 28 82
8 113 26 120
24 99 16 90
14 116 15 102
4 123 21 112
22 92 1 111
20 104 17 105
6 94 5 106
13 115 15 106
10 125 25 117
26 102 16 107
12 121 3 109
28 101 29 93
9 115 4 114
19 94 1 99
11 118 21 116
7 95 24 102
25 118 14 109
8 99 27 127
30 112 18 105
22 93 11 100
2 110 23 106
3 108 6 116
17 111 20 116
14 127 16 100
10 119 15 128
26 98 13 106
12 123 20 109
2 117 19 108
5 123 28 118
21 121 8 106
18 92 29 94
7 82 1 97
27 102 4 85
25 124 9 125
3 95 23 105
13 98 16 86
17 101 30 107
28 122 11 129
15 88 29 79
24 116 6 120
26 106 10 117
14 111 22 95
20 96 19 110
5 94 21 109
18 101 7 92
30 101 5 99
28 114 2 106
3 97 1 117
11 121 4 114
27 107 17 109
29 100 6 92
14 87 25 108
10 107 16 95
26 100 9 94
23 98 20 97
21 103 15 95
18 119 11 105
2 117 30 108
13 105 22 96
25 102 6 86
3 95 19 104
20 104 5 89
27 134 14 94
8 140 12 112
10 127 9 107
24 108 7 113
28 132 3 113
23 102 4 93
17 116 16 108
11 105 15 110
18 96 21 86
1 101 2 103
25 109 22 115
26 108 6 120
29 110 9 77
13 113 14 97
5 107 19 99
30 109 23 93
29 114 22 107
24 108 27 105
28 116 20 101
1 111 17 98
7 98 18 87
3 112 11 137
26 118 21 122
15 104 5 108
14 97 9 102
20 107 1 108
30 120 25 101
17 104 23 113
12 98 19 95
8 125 22 112
2 108 4 98
10 126 6 91
24 101 29 106
13 120 21 98
3 109 28 119
16 109 11 103
5 98 7 99
27 122 18 114
14 121 8 127
23 94 28 89
30 104 15 101
4 107 25 85
2 106 20 117
19 118 22 98
11 111 17 92
9 118 1 95
10 121 21 100
26 100 12 106
6 118 24 103
16 99 7 95
20 110 30 113
27 118 8 104
13 101 18 104
23 93 25 92
4 113 28 78
22 112 17 96
15 107 26 91
19 114 3 143
11 108 10 125
1 102 5 93
7 107 29 112
14 108 12 95
2 123 25 127
9 113 30 112
4 112 3 105
1 110 23 93
20 105 24 107
16 109 17 97
15 95 11 119
6 115 27 118
8 123 13 98
29 109 12 100
5 102 26 99
22 98 10 118
7 122 14 73
28 103 24 115
18 111 8 108
4 99 30 109
3 86 27 112
1 105 13 115
16 105 10 102
9 104 26 109
17 127 11 114
19 124 6 122
12 103 20 109
29 95 21 97
28 106 27 108
23 121 13 110
30 123 2 108
22 92 5 100
8 103 29 93
24 111 18 112
6 112 26 116
2 120 11 109
3 106 16 109
5 114 1 119
17 109 23 114
15 101 28 99
19 105 21 114
4 103 10 113
7 103 20 95
25 105 14 98
21 109 7 98
18 103 12 109
8 127 24 120
29 96 14 88
23 118 11 123
6 124 3 116
12 115 26 111
2 128 22 98
28 102 17 86
20 110 4 107
5 88 16 100
19 119 27 103
1 86 30 112
25 112 15 109
4 106 26 109
16 116 9 103
17 108 2 112
10 144 13 98
29 95 15 102
24 112 8 123
18 129 3 109
1 142 20 139
6 107 21 91
12 120 11 101
19 94 30 107
28 113 22 114
5 121 23 108
27 101 7 105
25 111 10 113
16 104 3 96
18 111 22 105
2 113 9 109
7 104 6 97
24 96 15 115
30 117 20 101
28 108 19 106
11 105 26 83
27 108 21 94
25 115 4 98
14 120 8 116
22 88 12 98
6 125 18 97
2 109 28 104
3 90 20 95
16 116 1 93
9 118 19 98
7 113 23 95
8 99 15 119
29 104 17 88
24 114 13 124
21 100 5 128
10 126 4 111
30 116 14 108
11 108 1 113
27 102 23 86
13 120 10 133
22 102 28 94
3 97 12 106
9 116 18 108
11 121 5 117
21 114 15 102
2 113 14 107
8 121 17 117
26 103 24 105
25 104 7 108
30 105 19 91
1 113 22 86
12 105 9 84
16 125 23 102
20 104 6 111
29 105 4 98
24 112 17 137
27 121 8 97
18 99 15 107
26 109 10 106
3 95 28 103
2 107 13 102
21 105 25 99
20 107 14 121
30 135 6 140
12 93 21 90
28 118 13 109
1 95 29 120
9 113 23 96
19 111 24 106
18 113 16 115
8 110 7 87
15 89 27 74
26 107 5 112
4 111 3 107
11 128 22 104
7 113 25 114
23 103 27 111
12 117 6 132
3 110 30 114
1 117 8 106
9 121 14 102
17 88 16 106
15 110 24 91
19 94 29 127
18 112 28 109
20 115 13 119
10 123 5 92
26 108 2 92
4 95 11 107
22 111 23 112
21 118 6 109
7 112 29 105
25 111 2 120
3 99 16 108
20 123 8 131
9 92 27 103
17 114 14 122
15 107 10 122
18 106 19 122
30 112 12 107
26 108 1 107
24 115 5 97
4 102 13 107
12 100 17 116
23 117 16 109
6 125 8 109
11 133 24 102
21 114 10 130
7 112 22 80
29 104 2 112
18 117 5 89
20 94 27 90
28 101 9 102
26 105 19 99
30 120 21 98
4 99 23 105
3 103 15 112
16 107 22 116
17 102 9 89
12 106 27 110
7 98 2 111
8 132 10 110
29 72 13 88
24 108 19 110
25 104 1 109
5 105 28 94
18 108 6 116
14 96 26 97
22 79 27 107
6 113 12 104
2 116 23 108
28 90 4 85
3 125 17 129
9 98 7 91
15 91 19 95
11 109 16 117
8 99 18 112
29 111 25 88
24 137 14 101
21 116 20 105
13 99 1 84
10 109 26 86
12 98 30 111
5 104 2 103
22 103 25 112
9 114 4 108
19 99 11 129
6 119 20 104
10 123 13 113
26 116 8 100
23 120 30 112
12 102 15 92
28 107 2 97
5 128 24 121
17 95 29 109
21 110 14 93
18 97 7 84
1 90 16 108
8 129 3 109
13 97 27 105
26 85 4 99
22 105 1 86
20 110 23 109
16 113 12 95
7 96 19 83
6 99 5 117
11 142 18 130
10 112 3 95
14 98 27 119
17 100 24 96
8 98 15 105
30 92 29 102
28 112 25 106
9 98 2 104
21 118 19 110
13 124 4 121
20 91 28 92
23 108 10 119
6 102 17 95
2 98 1 114
11 108 12 117
7 96 16 89
26 88 18 102
30 112 10 108
9 120 25 113
5 107 8 125
15 130 24 112
21 109 29 106
14 104 4 109
22 90 20 101
28 96 30 105
1 100 7 95
16 125 23 98
17 98 8 110
19 109 9 86
2 103 6 99
27 100 12 99
29 80 18 107
13 103 11 122
26 100 3 109
5 94 10 87
24 120 4 103
25 114 21 109
23 105 20 102
30 106 28 114
22 110 16 99
17 112 13 101
1 130 6 135
7 104 15 100
29 112 3 97
24 118 21 111
19 98 27 101
14 95 2 115
23 106 9 136
17 101 28 94
16 120 6 92
5 91 13 101
8 102 4 112
11 123 15 108
27 97 18 90
25 130 3 116
1 96 12 97
20 105 10 112
24 109 2 106
30 115 22 114
26 109 29 110
7 104 21 89
14 97 19 105
23 98 17 112
22 105 20 113
6 98 16 106
1 111 10 119
9 109 5 95
15 109 3 122
18 110 25 109
4 100 12 88
27 112 11 110
8 108 26 96
29 88 19 83
13 116 2 102
21 121 25 126
7 122 14 111
24 127 30 131
22 98 5 91
1 110 3 105
16 108 4 101
17 104 20 93
19 87 28 94
11 108 29 115
18 107 13 91
12 115 9 98
27 114 26 104
8 113 30 123
10 86 2 99
9 106 6 101
15 98 13 114
21 102 27 92
25 114 23 108
24 110 14 122
4 121 22 81
5 94 11 115
17 99 12 85
18 103 10 102
1 105 28 99
8 119 2 99
7 105 3 96
26 122 30 130
21 112 29 104
13 112 23 100
9 112 20 92
4 122 19 125
22 104 6 116
17 102 18 95
16 104 28 89
27 107 10 85
15 90 1 107
7 98 24 100
25 124 30 125
26 92 8 105
2 100 5 80
3 120 20 112
12 102 16 98
24 101 25 110
11 117 6 112
14 116 23 118
4 109 5 115
28 100 7 78
15 113 17 93
27 107 1 99
18 119 30 104
29 114 13 108
26 120 22 115
8 129 14 101
6 128 9 96
3 104 21 122
20 87 12 81
19 100 25 77
10 106 23 104
30 107 7 112
12 98 4 77
2 117 18 104
16 120 19 112
9 83 29 97
5 91 15 98
11 139 14 100
27 106 25 110
24 101 26 107
13 96 17 97
6 91 29 83
28 102 21 123
20 110 3 121
1 91 15 103
8 129 13 114
10 122 22 92
23 116 7 74
30 112 5 107
3 95 2 98
9 75 28 87
19 128 11 112
16 123 18 105
24 103 22 109
14 103 17 107
21 110 26 94
1 97 25 113
4 98 30 93
13 108 6 78
5 95 29 86
15 104 27 96
8 105 11 109
10 117 17 92
3 104 7 111
23 105 2 99
9 112 24 95
19 123 18 109
28 116 12 91
16 104 25 115
27 118 26 102
14 120 6 125
4 105 1 90
22 112 23 109
12 107 29 100
2 110 30 102
11 125 8 124
21 95 10 111
13 114 20 105
28 122 5 120
3 98 9 96
16 112 24 97
19 95 15 82
7 87 10 112
18 93 27 100
25 90 17 93
14 109 13 133
22 102 4 109
2 109 12 100
5 117 9 95
21 122 23 97
30 104 1 100
8 126 6 113
26 98 17 116
29 108 20 101
3 126 24 98
16 84 28 101
7 97 13 95
27 97 15 90
25 110 20 95
30 129 3 108
4 105 6 112
22 115 9 87
12 117 8 125
2 130 24 120
5 107 23 117
17 100 1 97
11 117 19 107
14 130 18 119
10 114 26 100
13 108 29 95
6 115 30 127
7 86 28 94
27 106 20 98
25 112 18 100
4 120 24 106
1 92 3 107
13 97 26 98
17 94 5 109
11 137 21 125
12 107 23 94
2 112 16 108
10 106 15 94
8 90 19 115
14 81 25 97
28 131 22 112
20 109 9 95
27 103 6 74
7 91 21 92
26 91 15 90
29 108 19 100
4 108 17 118
12 114 18 115
3 101 23 106
1 95 24 91
9 96 16 97
11 106 10 113
25 122 8 113
14 108 30 119
23 92 1 99
22 106 21 114
2 100 17 103
28 106 4 110
20 88 16 105
15 110 12 97
19 121 7 118
27 98 10 110
13 133 30 124
26 82 29 112
9 90 3 89
5 99 6 93
18 119 14 104
24 118 13 124
25 117 11 107
28 111 12 100
4 122 8 114
6 122 23 105
2 117 22 116
17 108 9 105
15 99 7 90
19 117 26 89
16 94 20 98
29 95 30 88
21 95 27 100
10 107 11 98
13 115 14 104
5 106 1 104
3 121 22 111
18 117 26 123
25 130 24 117
21 101 4 113
14 108 15 103
17 105 7 109
20 94 2 110
19 110 5 117
28 113 23 105
3 91 1 82
16 113 8 116
6 135 12 130
27 109 29 103
10 139 30 115
24 116 11 123
23 118 3 141
30 118 4 111
6 122 22 102
12 108 28 90
19 131 8 134
21 110 17 79
20 100 5 91
27 95 15 89
10 121 18 107
26 98 7 87
29 106 25 87
4 99 16 112
9 102 28 105
15 100 21 103
11 110 8 104
2 91 6 114
27 95 14 102
24 111 10 120
13 112 7 101
23 90 5 102
22 115 3 107
12 104 17 89
20 103 30 106
1 123 2 116
25 105 18 98
6 100 1 114
28 96 16 94
15 101 20 88
11 109 9 114
7 89 27 102
8 122 19 106
29 120 18 113
24 120 21 99
14 98 26 94
3 107 5 106
4 114 2 121
22 112 12 127
23 82 17 90
30 103 16 106
27 87 13 98
25 101 29 86
10 123 19 101
20 97 28 110
1 126 6 125
8 105 21 106
24 124 7 111
26 128 11 135
15 90 9 103
14 110 18 109
23 111 12 120
2 114 3 105
16 124 6 121
5 122 22 75
17 89 4 79
9 101 30 105
25 99 27 98
13 125 11 96
10 99 29 105
1 103 4 76
18 98 21 100
7 91 8 109
14 108 19 96
26 129 24 104
22 113 9 109
6 83 28 98
2 112 17 94
20 114 23 113
16 110 30 102
5 112 3 73
15 93 7 100
11 123 18 118
21 105 8 111
12 104 1 86
29 101 27 97
13 115 26 95
10 109 14 94
25 100 19 103
