1 94 9 106
5 97 6 95
10 111 19 95
22 87 30 88
2 112 23 95
3 100 5 115
9 92 29 87
16 104 4 94
28 106 12 99
11 85 8 105
15 76 6 106
17 97 20 122
21 112 27 106
24 95 7 111
25 112 19 94
26 104 13 111
14 111 18 112
12 103 15 112
20 101 1 112
13 104 7 88
6 102 16 92
22 136 21 139
23 71 29 99
2 103 28 113
9 98 5 94
1 97 4 94
17 113 30 118
27 102 3 75
8 78 18 95
11 92 10 112
26 132 14 114
24 110 25 92
12 76 29 97
30 110 20 117
19 120 10 134
15 101 3 91
25 90 24 101
13 114 26 109
4 92 1 94
2 87 27 95
16 109 11 89
28 106 17 87
5 92 22 87
21 117 8 93
14 93 7 103
23 100 6 107
3 96 17 103
20 84 27 94
11 110 21 105
18 101 25 106
10 119 15 69
13 102 24 96
4 130 5 105
9 82 12 94
16 92 1 98
19 94 22 103
7 91 28 102
26 89 15 103
14 109 8 120
12 100 2 98
30 102 27 99
1 101 3 87
6 96 20 86
11 119 22 114
17 91 23 87
21 98 28 103
24 118 26 97
29 92 25 108
10 112 13 108
5 104 21 98
18 84 16 96
7 94 4 108
8 84 29 96
25 115 15 96
22 92 28 87
2 118 30 98
3 98 14 104
6 108 23 102
20 92 17 99
12 90 16 87
19 115 1 121
24 92 9 100
10 119 8 104
26 110 11 116
5 93 18 102
1 114 30 99
23 97 22 105
7 107 19 98
17 94 3 86
27 114 4 94
29 89 15 79
26 94 10 103
13 105 11 109
6 101 12 97
20 99 14 95
16 96 28 76
21 124 24 103
25 103 9 120
12 97 22 84
23 88 5 111
1 107 18 117
8 108 25 104
26 88 27 106
10 109 9 95
13 94 15 92
6 118 29 114
30 101 21 125
16 101 14 88
28 109 20 111
17 83 2 99
18 95 4 104
19 120 7 105
4 95 20 93
22 101 14 99
23 103 28 119
2 91 12 102
1 106 19 98
7 118 13 108
11 98 3 106
15 84 10 100
8 103 17 102
26 101 9 92
25 101 27 113
16 92 29 91
18 116 10 129
24 118 13 104
12 107 18 103
22 102 29 93
2 106 1 93
20 84 6 90
28 100 19 81
5 102 4 97
15 101 25 100
21 102 23 85
7 90 14 82
8 107 11 98
26 111 3 109
13 101 9 96
30 108 22 99
11 98 7 110
17 108 6 105
27 92 23 83
24 105 8 81
10 107 3 99
20 95 19 87
18 106 15 114
4 106 25 94
1 96 29 97
21 85 2 100
26 107 28 101
14 97 9 85
23 86 7 92
5 96 12 95
11 95 2 111
15 122 21 114
27 93 25 80
24 120 14 101
30 115 17 86
3 90 1 88
9 104 6 99
16 91 18 103
20 102 4 94
19 98 8 115
10 115 28 110
4 116 3 111
22 104 18 101
23 85 12 112
2 102 7 106
1 103 26 97
11 108 25 103
21 110 19 103
27 109 8 98
29 93 28 89
24 97 5 103
16 116 26 109
6 115 17 100
13 117 10 124
4 113 23 88
2 120 3 95
15 96 11 84
18 86 9 96
19 104 27 90
21 90 20 93
7 102 29 93
8 107 24 114
25 102 13 91
10 106 5 94
14 91 28 102
22 91 26 97
12 123 17 86
6 109 1 97
9 95 30 97
16 96 23 91
11 102 20 107
27 92 15 82
13 80 28 91
3 111 2 101
19 122 24 116
21 117 7 114
8 105 10 118
14 93 25 107
4 127 26 122
6 117 22 103
16 95 20 78
17 109 9 88
18 100 23 95
27 98 24 84
29 89 21 111
30 106 12 123
1 121 2 97
15 110 7 96
8 94 13 111
25 88 5 93
10 111 14 77
4 101 30 87
22 100 20 91
2 84 23 80
9 104 16 81
28 103 6 99
11 93 15 102
17 118 26 129
18 99 1 95
21 110 3 99
27 88 7 83
24 114 19 120
13 91 29 102
4 90 6 95
22 114 17 90
2 111 30 78
20 78 16 97
12 104 5 92
11 116 23 114
15 101 1 116
21 103 9 87
8 80 27 91
24 116 10 135
26 91 18 101
13 111 19 90
30 82 28 84
6 90 3 88
7 92 8 81
27 108 1 88
29 101 19 87
25 108 14 96
10 120 26 101
4 87 17 82
13 107 18 99
3 87 9 83
22 110 2 91
28 102 24 107
15 92 23 84
20 111 11 116
14 103 12 107
9 116 11 105
16 95 2 105
1 106 21 100
5 92 27 89
17 92 8 74
29 103 10 106
26 112 7 98
13 102 25 87
6 85 30 97
23 103 14 91
3 94 24 91
18 93 22 96
19 104 15 113
25 112 7 115
4 99 10 116
30 104 14 108
9 127 24 122
20 99 23 87
1 86 28 96
5 99 8 90
11 108 19 101
27 95 17 70
13 91 12 103
16 97 21 95
28 105 8 106
29 94 22 103
15 83 27 103
25 123 12 111
26 97 2 114
20 108 3 91
30 109 24 106
9 102 17 95
1 100 14 87
7 96 11 100
19 114 6 108
23 105 8 108
28 109 10 112
16 99 6 84
5 96 4 102
11 120 26 113
18 103 25 109
17 106 20 91
27 108 2 105
29 122 12 119
13 103 22 101
15 95 24 93
3 98 10 114
9 111 14 91
30 104 7 116
21 98 26 95
4 104 9 84
23 68 27 119
16 103 30 114
20 97 7 104
28 102 14 93
5 101 24 103
17 90 25 88
18 106 13 110
19 93 2 111
6 105 25 100
12 123 10 131
3 110 11 105
15 88 21 125
8 74 22 85
26 114 29 106
2 105 5 100
4 99 16 81
30 103 11 109
9 92 15 93
28 97 27 94
17 95 13 109
18 123 14 122
24 107 22 104
29 106 20 85
7 95 1 98
3 100 23 91
5 83 13 80
21 107 1 94
26 99 20 97
12 96 16 83
22 76 6 111
23 95 9 107
2 119 10 124
28 90 17 83
15 99 4 123
19 107 30 105
8 111 18 108
29 90 21 94
27 109 14 87
24 96 25 106
3 100 13 105
4 93 2 98
9 118 12 96
1 78 27 103
5 98 19 94
11 126 14 97
7 111 30 114
17 108 10 95
25 110 20 112
24 108 18 101
16 100 15 97
28 96 23 76
21 104 29 98
12 106 28 90
3 82 22 105
9 103 13 105
1 88 16 100
5 115 23 96
15 112 30 95
7 104 24 94
27 118 29 81
8 114 11 108
25 105 19 101
2 77 6 89
18 100 8 112
26 107 11 97
14 113 17 95
12 107 7 81
22 113 4 98
3 98 16 104
9 119 2 116
20 107 18 102
1 127 23 106
5 98 15 85
21 106 25 90
27 114 30 95
29 94 19 104
10 128 24 103
13 103 17 90
4 109 28 99
6 104 21 100
14 87 11 107
12 104 3 97
22 102 25 94
23 97 20 107
2 101 1 109
16 94 28 108
5 144 9 147
18 99 26 95
27 115 13 107
7 97 15 88
29 97 8 88
24 104 19 88
10 121 17 112
21 118 14 78
30 109 4 101
20 107 5 91
11 107 13 97
15 96 12 84
3 85 18 100
16 116 25 109
6 108 23 86
24 95 17 101
22 100 1 103
28 94 26 104
8 125 19 130
30 113 26 99
2 113 18 99
20 99 22 107
1 106 25 97
5 102 3 105
11 102 4 95
27 106 12 92
29 110 24 89
13 99 21 100
23 90 15 104
16 92 9 93
28 103 7 99
8 107 14 111
4 89 2 102
6 91 20 84
12 106 26 108
22 104 11 101
30 100 15 91
3 118 7 119
1 107 9 100
17 113 23 100
18 83 27 108
19 115 25 89
24 96 8 104
10 103 29 85
14 85 21 120
16 94 19 88
21 96 5 105
10 89 6 83
11 88 27 84
14 84 13 94
17 90 28 111
1 117 20 98
4 98 15 92
22 101 16 108
19 110 11 108
9 93 2 99
3 96 30 111
18 88 12 102
7 118 5 111
27 101 8 86
24 104 23 111
29 104 13 109
25 105 6 76
2 100 20 91
15 112 14 96
21 122 8 112
26 94 25 98
4 108 14 98
12 93 1 87
22 104 19 89
30 91 13 108
16 105 3 111
5 104 28 97
7 103 17 93
27 101 18 95
24 97 6 101
29 95 23 91
10 122 26 103
20 108 9 96
11 115 1 121
15 99 16 90
21 131 17 123
8 87 6 93
4 117 13 122
22 100 3 93
2 104 14 112
28 94 30 91
5 102 12 100
18 94 29 80
7 114 10 91
27 112 24 79
25 110 8 103
26 105 23 110
12 116 17 120
11 110 10 114
9 115 18 90
19 89 13 95
21 110 24 106
29 109 25 96
30 103 22 91
16 106 7 82
28 104 4 94
5 108 20 81
14 93 23 84
2 97 3 100
26 142 24 119
4 90 21 109
12 94 9 82
6 104 22 79
18 85 17 95
7 98 19 105
27 121 11 103
29 92 15 87
10 111 8 108
13 130 23 99
20 111 1 97
28 113 5 115
30 75 16 97
8 106 25 112
14 97 24 77
6 122 28 100
23 109 18 99
3 94 2 103
9 115 22 89
16 103 12 100
17 98 27 123
21 104 26 116
29 91 11 93
25 78 15 91
10 111 4 101
1 101 20 107
5 117 17 106
7 117 26 116
14 88 10 109
16 90 20 98
22 86 12 95
30 115 6 121
2 94 9 99
3 74 28 91
18 74 8 78
19 91 7 100
27 123 29 98
24 111 4 102
21 112 15 94
25 98 13 109
23 98 1 126
5 101 2 92
11 103 29 94
26 118 14 115
30 88 28 97
3 77 22 83
15 91 8 84
18 99 6 125
19 86 12 91
17 96 7 95
27 100 20 99
24 95 16 103
25 108 10 128
14 113 21 117
13 97 4 83
1 120 5 105
22 99 30 105
9 103 3 89
23 95 28 108
29 98 16 83
26 116 10 128
18 87 7 93
13 114 19 111
23 85 6 95
15 101 2 98
11 107 12 103
20 100 17 88
8 95 4 92
25 115 21 110
14 74 29 86
3 79 27 106
5 100 30 114
10 111 16 103
12 116 24 97
9 99 27 109
20 120 2 114
15 91 11 107
17 106 5 101
18 96 21 101
7 107 6 110
14 95 19 91
4 107 1 84
30 106 17 101
3 110 20 104
2 103 12 94
11 107 18 104
21 108 7 89
8 112 10 110
25 99 29 85
26 97 19 109
13 104 16 90
23 111 5 115
22 103 28 106
15 103 9 101
27 99 6 95
29 101 26 103
10 116 14 98
12 104 30 118
21 113 18 93
2 117 24 103
3 104 25 116
5 77 7 83
19 109 4 107
17 108 1 101
8 95 16 98
11 77 6 91
1 114 3 86
4 92 17 105
30 117 2 119
9 113 10 95
23 114 25 89
15 103 20 95
29 109 14 82
13 103 26 110
18 117 24 87
21 99 16 74
27 112 7 83
8 129 12 126
14 95 11 112
20 119 23 113
4 124 29 119
30 98 25 108
15 101 19 99
9 101 5 111
1 98 22 81
28 112 3 100
6 98 10 132
7 118 2 113
13 140 11 132
16 79 17 91
19 114 18 99
8 104 21 110
24 94 12 97
22 87 23 96
30 106 16 87
3 78 6 91
20 118 29 111
28 115 2 109
5 94 10 125
11 114 9 123
21 109 4 95
7 106 18 94
14 93 26 112
25 98 1 104
6 115 13 102
19 115 9 99
8 101 15 102
26 91 1 88
24 89 27 117
22 116 4 120
2 110 5 101
3 86 29 108
20 88 13 116
28 101 16 81
11 102 17 98
7 106 21 109
10 122 12 110
14 95 27 108
30 103 29 89
4 97 20 84
23 92 2 112
19 116 17 99
18 106 15 101
6 83 5 96
24 98 1 95
8 104 9 101
25 121 14 103
26 108 12 97
3 116 21 106
11 115 7 104
28 112 13 94
6 114 18 107
30 91 2 116
5 84 16 89
15 108 22 102
19 111 11 112
8 105 1 119
29 92 9 95
26 128 4 129
10 120 27 90
12 89 13 91
23 113 24 103
3 98 16 102
20 122 21 128
28 106 30 89
17 107 22 100
25 112 26 97
14 90 7 92
6 115 24 93
2 111 8 103
9 110 23 97
1 83 13 85
18 123 21 126
27 130 11 99
29 102 4 73
10 127 7 107
12 111 1 92
30 113 8 117
28 103 20 93
15 103 17 83
19 114 26 105
14 91 5 114
2 113 22 94
9 106 6 114
20 102 24 84
21 116 11 108
7 91 3 79
17 103 16 107
29 103 18 90
25 109 4 91
13 105 14 93
23 105 10 108
28 111 9 107
12 109 8 105
19 105 3 103
11 122 30 123
15 121 26 117
6 117 27 103
13 120 5 93
16 105 1 87
22 119 2 114
7 91 24 78
20 95 10 116
25 96 18 93
14 82 4 101
12 106 6 111
3 100 9 105
1 112 7 97
19 95 15 110
21 114 30 98
27 107 22 92
8 112 28 93
29 105 5 96
26 111 17 104
20 89 2 97
11 115 16 102
24 97 28 104
25 107 17 95
14 119 18 115
4 106 6 97
23 86 1 124
2 102 9 95
3 100 12 114
30 121 10 134
21 117 22 114
7 90 16 93
27 110 19 97
29 85 8 81
26 102 5 107
13 102 18 108
9 111 20 105
19 96 14 99
25 103 28 110
24 105 11 111
1 102 12 96
4 95 16 98
22 93 13 107
30 106 23 94
3 128 26 119
6 103 2 104
20 85 15 91
8 115 5 110
29 84 17 81
7 90 27 116
11 79 25 96
4 108 30 104
12 112 9 104
6 99 19 84
23 103 3 98
15 110 7 114
18 112 5 105
27 106 14 102
24 89 29 98
10 116 21 108
20 96 8 101
22 96 1 94
16 93 13 100
2 128 26 119
4 108 5 91
6 120 26 100
12 89 14 87
23 92 13 98
3 105 8 104
9 89 28 103
1 110 22 117
15 106 25 112
18 102 19 116
24 106 21 122
16 101 27 119
20 108 30 111
17 112 2 111
7 119 29 121
10 123 11 110
12 95 4 117
22 96 27 98
23 110 26 114
2 139 13 134
3 90 15 109
9 92 8 103
6 120 14 111
5 90 1 113
18 117 28 112
19 100 29 96
24 104 10 112
25 116 11 103
17 99 30 92
21 121 19 95
6 106 5 95
13 105 27 86
22 110 7 104
30 98 9 86
3 109 20 98
1 111 16 115
5 116 28 106
15 109 18 104
19 121 23 114
21 98 12 101
17 95 4 98
24 100 11 116
25 137 10 105
26 116 8 110
29 111 2 93
14 113 27 119
1 109 17 117
16 114 30 94
18 95 20 103
13 112 10 115
9 106 19 111
21 92 6 115
8 101 2 121
24 111 27 118
3 96 4 104
22 102 12 105
28 98 15 85
7 129 23 103
5 126 14 115
25 115 29 111
6 88 9 96
16 101 12 93
20 95 28 122
1 92 10 102
17 108 14 101
18 124 2 122
13 124 24 84
23 115 22 124
30 109 19 89
8 110 26 114
29 117 11 114
25 112 3 104
6 114 4 103
12 108 20 105
9 111 23 91
16 112 10 118
28 114 18 105
5 109 30 104
15 128 14 119
7 103 21 116
13 81 8 87
26 92 27 108
22 114 10 130
2 112 17 107
19 123 21 119
24 106 3 116
25 105 11 119
29 78 27 96
12 95 4 96
23 94 30 103
20 108 22 95
28 99 6 97
1 103 5 88
7 122 8 116
26 107 13 117
14 95 15 112
2 101 16 89
19 110 18 112
5 95 25 103
11 94 27 104
17 91 9 102
21 118 10 121
24 111 15 106
29 96 3 98
30 113 6 99
1 87 4 76
9 114 28 101
12 102 25 111
22 130 23 116
7 128 18 101
20 81 16 98
6 100 12 96
30 116 23 108
2 100 29 95
17 128 11 121
8 96 15 103
26 116 21 131
13 105 3 95
4 126 24 92
16 129 5 111
20 85 25 104
7 121 22 108
10 109 1 105
14 107 3 101
22 102 5 89
23 99 4 119
2 116 25 93
28 104 29 94
11 100 19 95
15 104 26 98
17 99 12 104
18 98 30 104
27 97 9 81
8 117 14 107
13 103 21 98
16 108 24 92
19 86 27 94
7 101 26 104
10 121 21 106
4 108 12 101
22 84 24 102
23 102 16 112
2 105 20 104
28 117 25 115
6 108 30 83
15 94 29 88
17 116 18 101
8 120 3 121
14 77 1 106
6 120 2 103
20 102 9 89
30 99 12 100
19 94 29 106
18 132 3 118
5 108 11 100
27 104 26 94
13 97 1 107
17 96 21 104
14 112 10 95
15 100 24 109
8 116 7 114
9 123 25 103
16 103 23 98
28 107 11 113
4 108 18 103
6 103 15 106
12 99 27 91
5 100 17 90
19 115 26 112
7 90 13 109
10 119 22 113
28 104 3 99
18 91 27 116
8 110 20 94
29 84 1 91
25 116 30 109
14 107 22 98
4 122 19 113
23 104 11 118
17 114 16 108
2 116 15 96
7 96 9 102
21 120 13 108
24 97 20 128
26 111 6 120
10 115 29 94
28 104 1 96
27 109 5 101
8 116 24 98
14 108 6 120
4 118 9 103
23 95 3 89
2 98 11 102
5 96 16 118
15 121 19 114
21 96 18 99
29 114 30 93
26 100 22 107
10 128 25 112
13 101 20 94
7 105 12 112
1 95 15 83
4 125 11 109
23 111 9 125
28 112 16 104
17 103 19 92
27 93 21 85
8 116 30 100
10 123 24 116
25 121 22 84
13 90 6 114
1 104 12 75
3 100 17 109
26 99 29 108
14 87 20 90
4 96 7 107
30 124 9 81
16 124 8 119
28 107 5 109
11 130 15 81
21 128 25 94
29 94 6 85
24 107 18 104
10 125 19 107
12 103 2 98
22 116 8 110
3 131 23 114
17 89 28 107
27 108 13 87
14 98 26 106
2 109 21 130
4 107 22 99
6 99 7 98
30 117 5 96
9 114 1 118
15 108 18 114
11 106 13 122
26 108 19 123
10 121 20 85
12 94 28 101
23 94 30 99
16 106 4 109
1 116 8 98
5 118 3 102
17 96 15 86
27 118 25 110
29 103 24 69
22 103 6 109
23 97 21 111
9 115 26 108
28 105 2 91
11 116 18 111
19 112 25 117
7 112 10 130
14 90 24 95
4 93 8 101
1 109 11 97
9 115 3 103
12 111 21 115
30 99 20 89
16 122 6 101
5 92 29 85
15 113 13 102
27 87 10 79
7 132 25 120
28 105 22 100
23 105 2 120
19 109 13 105
17 85 29 94
20 80 26 88
4 91 27 88
6 124 8 91
12 91 23 75
2 107 22 96
9 92 17 91
1 102 30 117
5 109 26 102
18 104 10 109
24 97 15 103
3 100 4 105
19 99 16 113
21 111 11 107
14 107 15 100
30 101 1 122
2 91 28 79
9 118 22 102
6 113 17 104
5 107 20 115
11 87 29 89
18 113 26 104
27 112 16 88
8 104 23 103
24 119 14 107
10 114 13 98
25 109 7 103
12 92 19 84
3 104 6 95
20 106 5 94
21 113 29 91
13 96 25 94
30 129 18 132
9 112 4 105
16 108 22 97
1 101 17 90
11 112 28 109
27 110 15 104
26 116 24 94
10 128 7 120
14 105 8 116
3 120 12 110
22 111 5 89
19 91 28 115
9 95 1 112
20 93 6 107
18 84 29 93
21 111 27 92
17 91 4 115
24 99 2 102
25 108 23 105
13 105 8 90
12 104 11 101
10 117 23 105
26 133 7 111
14 88 30 101
16 110 3 99
28 100 21 119
5 100 1 102
15 87 27 101
18 121 24 116
19 99 20 91
8 88 7 97
29 123 14 75
25 105 26 93
13 114 2 90
12 96 5 98
22 139 3 105
23 85 4 100
9 88 21 82
6 100 11 106
10 102 30 94
28 105 1 97
15 105 8 109
17 105 24 94
18 79 13 99
7 91 20 89
27 100 19 92
29 96 10 103
26 120 30 111
14 102 16 100
6 107 3 87
12 94 22 114
11 100 5 103
19 101 8 95
21 119 13 117
25 116 2 109
4 100 23 91
9 89 7 98
20 105 3 91
1 108 6 110
15 95 28 99
17 113 22 110
29 98 18 85
26 106 16 112
10 106 2 109
24 99 30 106
23 102 12 115
5 90 9 94
27 102 28 95
8 106 26 115
25 110 16 93
3 87 19 106
6 112 4 103
11 118 21 110
18 78 7 88
13 114 30 109
22 119 15 107
24 86 29 101
17 98 5 102
20 87 12 92
10 136 25 111
14 100 2 107
23 107 19 93
16 107 9 89
28 96 4 90
1 103 24 90
15 108 5 92
17 80 6 109
8 102 21 124
29 86 27 88
26 107 25 115
10 117 18 124
13 103 14 81
12 123 6 109
22 104 9 108
30 121 3 103
2 104 19 97
20 97 4 111
7 88 11 86
25 120 21 115
14 81 13 91
1 95 28 87
16 106 5 98
11 115 24 124
26 97 18 105
10 112 27 101
4 113 3 99
22 112 16 109
23 102 20 109
2 124 17 109
9 112 30 99
28 111 12 98
19 110 14 102
7 103 15 93
8 102 27 98
29 99 13 102
1 118 2 107
19 100 24 121
15 99 10 100
5 105 6 102
25 105 18 106
26 114 21 112
30 113 4 98
11 130 14 110
13 98 7 91
23 108 17 109
8 84 29 100
12 129 3 105
16 118 22 96
27 86 10 92
20 89 28 93
6 109 1 94
22 107 17 98
2 100 4 114
3 111 30 120
18 105 11 129
19 116 5 121
21 112 14 79
29 92 7 101
24 101 26 105
12 102 20 90
9 93 16 99
28 122 23 98
27 102 21 98
13 110 15 84
2 98 16 88
3 96 28 103
4 117 22 103
6 110 9 112
30 109 1 98
5 115 23 105
7 91 27 96
11 116 26 81
17 92 12 97
18 144 19 109
10 125 15 104
14 101 29 96
24 114 13 105
25 107 8 99
