20 106 2 104
7 94 16 105
14 87 5 88
21 97 22 89
10 86 13 105
30 84 3 90
4 96 17 95
22 104 11 95
6 96 28 104
12 91 9 79
18 100 21 104
7 93 8 115
27 95 15 82
24 84 19 85
26 100 14 91
25 107 23 103
10 99 5 91
3 70 1 106
16 115 2 107
17 98 18 95
25 101 26 79
14 96 29 71
28 85 12 90
4 95 16 96
1 101 30 83
9 89 6 105
15 95 21 98
19 97 2 78
27 115 13 90
8 117 29 100
24 83 23 103
10 92 20 78
22 94 3 78
11 105 27 85
21 104 7 102
26 98 5 108
25 111 8 102
14 99 20 82
4 79 22 100
12 98 6 91
2 96 9 85
1 105 3 98
15 113 11 93
19 78 24 93
18 101 16 103
17 102 30 81
7 99 28 86
29 102 23 99
13 101 5 114
14 92 8 89
9 96 12 88
11 95 1 84
21 107 24 97
26 92 20 114
27 104 29 89
10 79 23 107
30 86 2 94
22 102 28 96
16 129 4 90
6 98 3 82
18 99 7 82
5 104 15 64
8 99 14 90
26 96 19 80
13 93 25 88
24 102 10 91
2 100 30 92
3 94 12 108
20 85 28 90
16 92 1 100
9 89 22 78
18 106 27 96
7 100 21 87
8 91 17 86
29 94 19 90
6 115 4 101
5 76 1 74
15 113 26 96
21 93 25 103
29 85 17 73
14 108 11 99
28 92 6 77
22 103 30 85
2 89 3 70
20 110 4 118
16 118 12 83
9 83 5 99
19 93 23 101
18 86 15 90
7 98 24 89
27 101 10 95
8 110 26 83
13 117 11 89
1 109 16 116
27 93 7 71
26 103 17 100
25 107 14 96
28 85 3 97
23 96 9 73
30 96 20 99
4 96 1 102
2 74 12 87
22 83 5 97
19 88 8 96
21 109 11 94
18 87 6 98
29 94 15 85
24 102 25 77
14 97 10 90
1 109 5 94
12 99 4 77
3 90 16 101
9 80 20 103
23 97 28 62
11 95 21 98
27 121 8 117
7 96 19 81
13 92 17 86
10 87 29 88
30 72 18 93
26 97 22 104
21 108 27 96
24 109 17 93
25 98 6 78
14 90 15 82
28 97 18 87
23 96 12 86
3 101 1 106
20 91 4 87
5 92 9 68
8 81 19 94
23 112 26 85
30 93 28 78
4 70 11 82
9 86 7 100
17 106 27 103
15 95 21 100
18 100 5 111
29 113 6 105
25 105 13 97
14 99 24 83
10 111 16 106
28 91 26 98
12 96 1 84
20 85 23 79
2 85 7 90
5 78 30 64
19 85 21 95
27 101 11 95
8 123 3 115
29 87 14 90
25 104 22 107
13 95 16 89
1 111 4 81
17 102 9 93
15 94 20 83
24 90 6 101
10 109 22 117
28 90 12 95
23 120 30 89
4 81 9 98
2 79 5 88
19 80 18 87
11 103 26 89
7 102 17 76
27 99 25 83
24 103 3 110
8 117 16 104
14 97 6 92
30 90 23 103
4 112 10 100
1 93 18 91
12 97 2 83
5 77 28 64
15 108 19 99
11 107 25 105
21 104 20 92
7 99 26 60
29 107 3 94
13 102 14 94
9 91 10 99
8 96 29 106
27 102 24 91
20 93 22 102
15 102 5 86
23 94 17 82
30 106 11 114
4 94 6 102
1 93 28 84
19 77 25 84
13 101 3 91
2 88 21 97
18 99 26 86
14 73 7 70
22 96 4 89
6 95 10 105
16 120 27 98
5 118 24 97
17 95 8 105
11 97 9 80
29 108 13 79
23 104 8 108
30 105 21 102
22 83 27 85
2 96 28 73
3 107 10 100
20 88 24 91
1 92 25 89
19 87 15 93
18 93 9 85
26 92 12 88
13 91 7 89
16 98 14 87
11 90 19 88
29 91 7 94
28 84 25 94
23 90 1 76
30 104 8 108
2 71 24 79
20 86 17 100
9 81 15 98
6 75 5 114
22 92 14 80
27 86 26 88
13 98 18 101
10 91 12 94
1 121 6 94
20 114 8 119
16 113 23 92
9 94 25 91
3 74 21 84
5 95 4 89
15 128 26 95
19 81 7 83
11 105 27 102
29 108 18 98
30 94 2 100
13 103 28 91
3 97 4 87
16 82 17 91
14 96 12 98
23 103 30 83
2 87 22 56
5 110 3 95
17 92 1 97
19 102 27 104
21 99 9 79
18 92 11 107
7 93 24 87
25 101 26 89
10 90 15 91
4 78 20 111
12 83 22 102
16 92 6 85
24 96 28 99
25 97 15 84
23 90 3 97
30 92 4 75
6 91 20 81
9 98 16 101
5 90 12 95
11 99 17 105
21 101 19 91
7 90 18 105
27 105 1 83
29 106 28 111
26 93 8 122
14 96 13 91
10 101 25 93
22 83 2 91
13 98 15 91
23 89 4 72
2 94 12 87
9 101 1 107
6 96 3 99
16 99 20 89
5 107 17 100
19 93 22 67
11 103 30 76
18 87 27 79
7 116 29 101
8 96 28 81
25 109 24 71
10 109 21 120
23 95 9 74
4 99 30 102
11 97 20 84
17 100 14 89
29 96 26 93
24 86 15 84
16 97 5 93
2 87 6 88
3 73 28 94
22 85 12 106
7 101 27 100
19 72 1 94
18 101 14 106
8 105 13 109
23 74 22 69
30 88 5 98
16 109 19 95
17 103 9 82
15 73 27 83
11 108 18 120
29 93 25 89
24 99 7 122
13 112 21 100
28 77 1 100
6 90 2 93
12 106 3 99
20 113 9 86
15 100 8 97
14 106 4 73
10 93 26 90
23 98 5 82
22 109 30 103
2 100 28 64
3 99 9 96
17 105 16 97
19 103 24 120
7 86 21 95
18 99 12 109
27 99 11 91
25 112 4 68
29 105 13 107
1 77 15 96
20 102 5 105
27 93 19 81
26 95 25 92
13 91 8 112
10 119 29 101
28 106 30 89
23 79 16 99
22 102 6 94
3 105 18 108
9 88 17 80
2 91 20 89
11 99 24 81
21 101 15 94
7 87 12 98
8 89 14 93
30 81 13 107
1 87 23 98
12 81 22 85
20 99 3 92
9 89 19 87
6 91 7 88
18 100 11 91
17 90 5 113
27 107 21 96
29 96 14 87
24 95 4 89
26 114 10 106
25 117 8 97
2 98 15 80
16 95 28 89
23 95 14 90
30 111 28 108
22 102 13 107
3 87 5 108
20 99 29 88
1 90 24 99
15 84 27 89
19 92 26 100
8 90 11 99
25 107 21 111
12 104 29 99
2 94 4 84
16 107 6 91
17 105 24 107
18 86 26 84
10 116 21 119
28 99 17 105
23 90 27 100
30 93 20 107
22 102 16 89
6 99 13 92
3 92 9 99
1 97 12 87
15 85 18 80
19 67 5 90
8 95 7 105
25 96 11 103
2 87 14 88
8 101 10 109
24 89 11 96
26 106 21 101
28 86 2 74
23 77 13 78
30 89 16 106
4 64 5 95
22 87 1 89
9 109 3 92
6 112 17 113
20 92 14 85
15 98 12 92
19 86 25 94
18 97 7 104
29 87 21 101
4 86 13 111
12 109 8 113
6 84 23 99
3 89 27 103
18 98 20 100
7 97 25 94
17 94 22 99
26 84 24 98
28 92 14 94
2 95 5 91
9 77 30 98
1 87 16 107
10 106 11 97
15 88 29 98
4 89 23 98
22 102 18 89
17 96 16 114
19 86 29 80
7 96 13 92
10 102 24 96
28 87 20 90
12 90 16 105
9 95 27 99
5 121 26 115
15 93 11 83
21 111 29 85
8 109 24 92
25 109 30 124
14 86 1 78
28 106 27 113
22 103 23 87
2 88 9 98
3 100 15 105
20 100 26 85
6 98 12 87
17 89 19 92
11 96 21 95
18 102 4 90
7 102 8 84
24 99 1 101
10 91 25 93
13 102 30 84
12 93 3 88
5 89 2 80
25 71 13 74
28 91 4 98
23 75 7 82
22 94 17 85
9 114 26 108
6 87 16 111
20 85 19 89
15 103 8 102
11 98 18 111
21 110 10 87
29 114 30 100
14 111 24 99
13 100 27 103
5 85 3 97
15 104 10 103
25 97 1 77
20 104 7 97
16 90 22 78
9 96 2 81
6 93 26 92
12 108 4 73
3 85 17 92
11 101 29 85
18 92 23 91
21 124 8 118
24 102 14 90
5 90 1 79
20 92 3 100
17 90 22 93
11 97 15 93
7 89 2 73
21 101 19 93
8 103 18 101
29 102 27 106
24 104 30 88
14 103 25 92
10 104 13 97
6 101 9 100
12 117 19 108
16 120 26 108
15 89 23 76
25 137 27 97
28 103 9 93
30 107 26 115
4 88 12 102
6 84 19 89
21 119 2 104
3 91 22 108
20 99 1 82
5 110 17 91
11 93 23 87
18 100 29 98
24 104 10 106
7 91 14 96
13 103 8 95
16 102 20 88
1 83 22 78
8 99 27 114
21 100 14 85
6 83 2 86
12 102 10 78
9 68 23 97
5 99 19 95
17 119 30 118
11 88 28 85
7 92 3 93
26 103 29 96
13 97 18 109
23 88 21 92
30 95 22 102
2 102 17 96
20 120 6 103
1 82 10 85
9 109 4 94
15 96 7 85
19 84 28 95
27 89 5 96
8 104 25 95
29 104 11 83
14 104 18 85
22 102 21 105
24 104 18 95
26 100 13 108
25 93 16 107
28 99 15 102
2 107 3 94
1 99 17 94
6 91 5 112
23 105 10 83
19 97 7 92
11 105 8 117
27 102 4 72
29 99 16 98
24 81 13 78
14 115 26 107
30 101 6 98
1 97 21 90
22 114 17 98
15 100 9 83
19 84 12 102
7 102 29 96
25 110 18 122
2 115 20 111
14 93 16 83
28 83 10 75
4 101 3 104
23 91 5 96
11 103 13 105
24 96 26 88
27 94 8 99
28 88 22 92
30 100 10 120
6 100 29 109
5 92 12 72
17 97 23 93
21 95 7 91
18 95 13 94
8 119 26 116
25 86 19 74
4 100 22 84
12 96 1 101
2 97 11 92
16 108 3 78
9 88 14 85
7 95 20 85
28 116 11 98
23 103 2 71
30 106 14 101
4 93 29 99
16 89 1 86
3 101 13 100
17 104 5 106
21 115 24 104
18 106 25 94
27 118 20 105
8 99 6 100
26 99 19 98
10 92 15 110
5 94 22 99
24 96 7 94
23 104 29 91
4 74 3 83
2 104 25 86
9 86 1 85
21 90 6 96
18 102 14 105
17 119 20 114
27 108 13 120
8 110 19 97
26 110 7 97
30 99 25 110
16 93 12 91
9 105 28 86
3 106 11 112
5 111 29 97
21 122 4 95
18 89 19 95
24 98 15 91
10 111 7 87
20 94 23 106
14 97 2 94
28 99 17 105
22 107 12 94
6 118 11 107
8 91 15 94
26 99 1 106
13 93 10 97
3 99 17 105
5 104 20 99
19 71 4 73
27 112 30 97
29 105 9 90
24 124 18 127
13 85 2 94
22 104 16 98
6 88 28 96
12 92 25 75
15 111 14 116
21 103 11 104
7 107 30 98
8 118 1 117
26 89 10 115
12 111 23 94
3 98 28 84
20 121 25 79
5 106 16 102
17 115 6 105
19 101 14 107
11 107 4 87
27 122 22 111
26 112 9 124
24 120 29 111
13 96 1 82
10 103 2 105
19 89 30 99
7 101 4 96
8 90 21 103
29 111 18 105
13 87 24 91
23 78 16 84
22 86 3 70
20 115 12 100
1 102 30 88
5 89 25 100
15 110 28 114
21 105 27 114
24 109 9 101
26 120 2 95
14 97 18 92
10 98 17 120
13 95 11 91
4 107 28 103
12 88 20 102
3 94 19 102
5 89 23 80
7 106 27 99
8 98 2 91
29 99 10 92
6 87 1 103
13 87 9 83
15 97 30 92
26 115 18 99
16 91 22 81
24 99 11 86
21 111 25 95
14 99 29 103
4 80 23 105
3 100 6 105
1 76 2 79
22 59 5 85
8 95 7 112
10 93 18 97
12 102 13 89
20 106 28 87
16 99 24 95
11 107 14 104
29 97 21 90
26 119 15 110
25 87 17 116
28 82 5 94
23 79 20 82
22 103 24 93
3 89 30 108
1 103 6 102
19 92 10 101
21 114 13 91
27 116 18 100
8 116 9 115
7 93 14 109
30 83 12 85
17 91 2 100
19 97 13 90
11 109 10 83
26 102 29 103
25 97 15 93
28 96 20 79
4 92 17 112
22 93 6 80
12 111 24 113
1 93 3 84
9 73 16 88
23 99 2 86
21 149 18 140
27 104 7 87
29 121 8 102
14 103 25 96
13 101 15 85
30 92 1 95
3 102 4 89
20 101 9 79
5 102 28 101
19 86 27 89
11 99 7 101
17 104 12 125
10 111 26 108
6 83 24 108
18 117 8 100
2 88 30 76
1 139 29 133
27 93 23 76
21 103 16 87
25 90 10 87
14 96 15 102
28 101 22 117
30 77 9 79
4 95 2 102
12 105 16 90
3 84 29 105
20 89 17 80
5 91 8 108
11 113 26 106
13 97 19 85
23 103 6 85
17 108 1 101
15 93 18 86
7 90 11 81
24 100 27 107
25 95 21 109
10 101 14 104
28 105 8 96
20 108 22 86
4 83 18 88
6 75 9 87
2 94 29 82
3 100 12 84
1 77 5 98
26 112 27 117
13 103 24 86
10 87 19 102
12 93 30 89
16 106 7 85
25 99 19 93
14 93 21 102
28 101 16 113
30 97 23 76
4 88 8 99
1 100 20 90
6 84 17 121
22 98 7 100
5 83 9 71
11 98 15 89
18 79 2 100
29 103 26 104
13 98 25 97
10 100 3 102
14 88 19 85
20 91 6 75
23 95 1 90
9 110 4 107
17 95 15 99
27 112 12 103
26 99 3 111
13 105 29 96
21 92 5 78
2 91 16 72
28 99 30 92
22 101 8 104
11 102 12 104
24 92 19 75
25 119 18 106
14 120 10 112
30 98 17 112
5 93 11 99
21 88 15 94
7 75 13 94
26 116 18 108
25 97 29 102
28 92 4 87
6 90 27 125
12 112 20 104
16 99 23 93
9 102 22 95
15 98 10 94
26 100 24 109
14 91 3 87
23 78 28 99
30 96 12 109
2 86 27 87
1 120 4 93
16 98 21 93
17 107 6 98
19 94 8 92
18 94 10 97
7 95 15 85
29 105 24 107
25 101 3 88
13 108 14 113
22 80 20 96
9 99 30 94
5 93 2 86
26 85 13 93
12 103 21 98
28 80 6 84
3 110 30 98
1 101 9 96
16 82 15 97
17 95 4 90
7 97 25 99
27 128 19 103
8 105 24 99
29 104 10 98
14 107 11 112
4 96 1 116
12 72 2 86
23 82 22 88
15 94 7 89
19 99 18 90
17 116 25 94
24 125 14 105
13 109 26 94
10 112 8 97
20 100 5 99
2 103 23 79
3 122 6 117
16 98 9 75
27 114 29 104
21 91 28 75
26 87 11 104
4 85 30 113
22 119 9 89
12 103 28 98
17 89 21 109
15 94 13 85
19 91 14 93
18 90 24 114
8 123 10 84
29 91 27 84
25 89 11 94
30 93 22 85
16 107 2 115
6 103 4 90
3 88 23 107
7 110 26 100
5 98 20 86
28 75 23 93
6 98 12 104
2 88 1 86
17 107 20 111
15 104 24 93
19 105 26 96
11 91 29 103
21 98 13 100
27 84 14 98
8 113 18 107
25 118 10 110
4 85 9 109
5 96 16 86
18 82 13 95
27 107 15 97
10 103 7 112
28 84 2 79
23 89 3 95
22 81 1 109
12 102 6 83
20 103 30 65
16 105 4 82
9 97 17 113
19 96 29 85
11 105 24 112
21 115 26 89
14 103 8 97
25 94 7 97
13 112 10 104
30 89 6 98
3 82 2 94
15 103 29 98
18 110 21 115
17 99 12 105
27 105 24 91
20 85 16 93
14 112 7 108
4 82 2 94
1 86 28 102
9 94 5 100
6 84 22 100
26 104 25 103
19 88 15 75
8 101 11 86
28 87 1 109
4 67 19 75
22 113 23 100
12 111 18 88
3 98 16 101
5 84 30 87
11 102 8 105
29 123 7 121
24 125 25 107
13 92 21 77
10 99 27 120
23 97 12 102
9 116 6 77
20 118 2 110
18 84 15 91
14 91 27 112
30 121 17 112
4 68 5 100
6 87 23 103
3 95 20 104
1 116 9 84
16 96 28 72
2 102 22 98
15 103 19 91
7 117 11 110
8 98 13 104
24 97 21 109
26 102 27 127
25 91 29 112
10 87 14 99
12 118 17 109
9 80 18 91
16 83 5 72
19 105 11 99
24 93 13 90
4 80 15 85
1 97 2 92
6 98 20 90
7 104 10 94
27 121 14 97
26 92 21 103
24 107 8 118
12 106 23 109
16 84 30 86
5 93 7 83
15 93 25 89
11 99 10 96
17 106 3 95
29 117 22 107
1 112 20 113
14 114 21 106
4 88 26 114
16 97 11 88
9 76 28 73
27 114 6 98
18 88 10 93
8 101 22 74
13 107 19 98
30 101 4 73
12 103 9 97
3 87 23 105
17 92 28 86
15 109 6 101
27 124 25 89
1 109 13 102
2 78 16 66
21 118 26 110
29 100 24 88
10 81 19 83
22 102 4 95
6 85 30 96
12 87 5 92
20 99 13 93
17 85 23 90
21 101 8 106
24 106 27 110
9 108 23 86
2 87 17 74
28 98 3 67
30 104 16 70
4 84 20 104
1 106 7 89
5 107 6 75
15 88 22 76
11 84 19 77
18 102 8 131
29 96 25 94
26 113 14 96
10 101 27 107
