2 88 16 80
25 106 24 92
14 112 11 110
6 95 2 87
3 101 9 98
23 87 16 97
28 93 20 98
15 104 1 119
18 116 26 117
19 95 17 91
21 106 5 95
7 101 4 86
27 122 12 109
8 110 29 88
10 132 11 128
13 88 25 98
22 112 30 83
29 94 24 110
4 101 12 104
3 106 26 100
23 101 1 104
28 101 6 81
2 105 20 101
9 104 21 105
16 96 22 70
18 96 17 85
19 101 8 95
7 90 15 91
10 109 13 91
24 106 14 114
1 99 30 95
6 104 26 107
20 95 25 100
12 99 23 86
5 101 9 91
15 109 18 89
11 94 8 107
17 98 4 88
27 90 19 99
3 78 16 101
13 83 7 99
21 99 29 120
14 107 10 83
5 110 25 98
26 111 28 108
13 88 27 97
6 88 1 100
30 116 23 115
9 86 2 109
16 129 18 97
20 113 22 106
17 76 25 90
14 124 15 105
1 94 9 85
3 83 4 85
22 128 18 86
23 101 12 75
2 105 17 102
11 99 19 107
8 101 7 102
29 125 28 108
24 110 27 112
10 115 15 109
13 107 21 92
26 100 14 112
5 112 20 120
25 106 21 107
12 90 17 94
22 105 3 90
23 116 6 123
9 97 4 90
20 112 30 91
2 110 5 105
18 103 1 113
19 96 16 93
24 123 15 118
8 111 13 104
10 85 29 78
14 108 28 103
4 88 22 91
30 102 6 107
16 101 3 89
17 81 19 87
27 124 11 121
7 92 8 103
29 109 13 107
25 97 28 84
26 91 15 100
20 96 23 106
1 114 24 118
9 102 10 97
11 120 18 94
21 83 2 92
14 121 25 96
4 91 27 95
22 93 1 89
28 102 10 109
5 94 8 92
15 109 24 99
7 89 2 87
12 144 8 113
3 91 6 93
16 114 29 116
17 107 20 80
19 101 13 82
25 100 9 78
14 99 18 94
1 91 17 108
22 94 29 104
28 96 4 101
30 98 11 91
6 87 3 95
20 117 10 122
15 91 7 106
21 109 23 103
27 107 13 95
26 89 18 98
16 107 2 112
5 120 10 90
8 118 14 112
1 86 29 90
12 99 11 102
22 106 28 110
30 85 4 93
18 112 20 103
7 99 23 90
24 103 26 89
21 110 25 108
13 107 9 113
4 95 29 96
3 90 22 91
6 85 12 99
16 109 28 100
5 103 30 96
15 110 2 116
19 107 25 87
17 79 10 72
27 116 23 93
1 111 18 105
26 94 9 100
21 104 27 117
20 96 11 104
14 116 24 121
4 113 18 110
22 89 15 72
7 98 19 95
24 100 8 94
29 108 21 115
10 101 9 97
13 96 3 110
6 101 23 93
12 92 1 102
30 109 28 94
15 99 25 100
17 107 14 118
11 92 5 95
8 120 20 118
16 123 24 96
23 86 28 94
2 114 30 83
9 90 14 103
18 113 13 111
19 99 7 97
21 116 11 99
29 98 3 88
27 103 5 94
26 106 20 113
12 107 13 80
22 105 24 89
25 86 8 83
2 84 21 89
23 90 17 79
28 106 11 96
30 89 15 86
16 95 4 87
18 95 14 112
19 108 6 101
29 82 27 94
7 83 5 88
26 86 3 81
10 119 20 125
4 123 24 105
12 86 22 90
1 93 7 98
15 97 16 95
17 81 21 82
27 116 6 92
8 107 3 103
25 94 29 103
13 115 20 124
28 102 2 101
9 115 30 110
26 71 19 75
14 117 10 89
1 76 2 99
16 77 12 93
21 117 18 107
11 116 24 123
27 106 22 97
29 94 26 83
10 89 8 106
13 99 19 95
12 100 6 89
3 107 1 101
30 116 23 114
20 110 4 107
7 88 9 84
14 98 5 91
4 95 20 99
6 83 17 81
28 106 23 90
2 89 3 83
22 104 16 95
15 105 9 84
18 109 27 113
21 103 7 111
11 111 10 101
24 115 5 123
29 105 19 87
1 116 30 96
13 100 26 82
4 99 11 89
22 111 6 100
2 110 28 101
9 103 17 89
16 99 23 90
12 106 21 110
27 94 7 103
8 98 5 97
24 116 13 108
29 102 14 96
15 116 10 111
25 78 19 97
20 90 1 99
30 99 22 100
6 92 15 86
23 102 3 86
18 94 10 104
7 106 16 95
17 104 4 101
26 85 5 96
28 78 1 96
9 116 20 125
19 95 27 109
13 97 29 109
3 98 25 96
11 99 21 98
8 138 24 133
14 92 12 95
16 105 30 94
21 95 19 89
7 101 11 91
29 109 17 88
6 87 2 106
22 90 9 79
23 88 25 79
20 111 3 100
15 98 14 96
26 98 12 107
10 98 27 118
1 112 15 109
3 120 21 123
28 127 30 108
2 99 25 95
16 97 9 72
5 78 22 107
19 89 4 73
7 100 18 86
11 109 14 99
8 105 17 94
29 110 12 88
13 90 27 85
6 90 16 118
10 101 24 107
4 91 3 84
28 111 21 99
30 83 25 79
1 93 23 88
9 91 22 104
2 104 5 92
15 111 11 127
19 92 20 100
27 107 18 101
8 109 13 104
24 105 12 97
29 81 7 93
14 113 26 80
16 89 1 77
23 109 4 91
5 119 11 116
18 129 6 95
17 96 22 85
26 103 7 105
3 75 2 100
28 99 20 116
9 102 6 92
21 114 10 109
27 109 19 84
8 108 15 107
24 125 30 108
25 100 13 91
12 124 28 100
22 74 1 80
20 121 18 114
5 99 21 90
17 78 16 88
29 94 15 85
13 98 26 91
1 116 3 101
4 100 8 98
23 117 6 97
7 105 10 100
11 97 9 83
25 106 24 99
14 115 30 108
2 105 8 89
6 83 5 88
20 113 28 110
17 97 12 95
18 103 21 111
19 93 9 74
27 111 10 94
24 98 15 104
29 98 16 111
26 116 30 91
13 86 14 87
23 101 2 102
7 102 3 89
25 97 22 83
12 100 4 92
28 116 8 123
30 95 20 101
5 88 14 84
18 109 9 99
19 92 21 97
17 97 11 91
27 108 1 92
24 94 25 101
29 117 22 105
10 84 16 106
13 83 15 84
1 97 12 83
4 62 2 93
9 116 28 120
5 113 18 82
7 103 29 97
11 110 6 95
26 83 16 104
20 129 8 125
23 88 19 70
3 92 14 99
21 106 6 77
27 95 25 78
13 85 22 94
16 96 19 84
5 92 12 73
15 86 25 73
7 99 17 103
29 108 10 95
4 97 28 91
3 77 23 82
30 89 14 103
9 103 1 80
11 118 26 105
8 111 22 94
10 108 18 99
12 94 14 109
20 116 2 118
23 105 13 91
28 93 5 110
16 101 6 95
15 113 4 80
19 94 26 91
21 117 11 105
27 92 17 90
24 128 18 122
7 103 25 98
3 97 30 89
2 102 1 90
8 112 27 113
12 108 6 99
20 91 16 113
23 81 14 93
28 98 3 92
1 90 4 85
9 88 13 109
19 100 29 71
21 102 26 87
11 103 15 87
7 106 24 91
25 107 18 102
22 89 23 97
30 94 16 95
6 109 20 102
5 99 13 100
17 86 29 95
27 112 15 106
8 115 18 113
25 96 10 95
2 99 12 88
3 89 1 82
28 110 14 120
9 111 19 108
26 93 11 102
21 110 24 113
1 91 22 81
6 90 29 101
12 94 19 93
30 108 4 75
16 96 7 98
27 118 24 110
25 106 17 80
10 112 11 121
13 113 18 90
4 81 21 99
22 99 7 105
5 121 23 76
15 94 3 101
26 109 10 117
14 79 17 98
1 98 6 84
28 93 9 115
30 80 5 87
2 84 23 80
20 112 21 98
18 107 29 112
19 105 3 91
27 109 8 103
13 92 11 97
22 123 27 101
26 79 17 84
24 83 16 95
20 103 5 95
22 86 2 78
14 80 16 96
21 114 8 106
10 109 25 102
13 108 24 103
6 97 18 98
9 92 5 95
12 90 15 104
19 93 1 86
27 94 30 80
8 89 23 95
4 105 9 100
3 88 22 104
15 96 28 85
17 80 1 95
18 113 19 98
21 93 7 103
11 100 30 93
29 91 25 96
26 99 13 100
10 110 23 95
6 95 22 110
12 83 2 95
16 106 20 98
5 90 17 77
7 76 28 84
27 97 14 82
8 95 25 77
1 103 10 93
4 101 6 92
30 104 12 90
9 104 2 92
18 113 8 119
19 88 14 103
21 114 3 93
11 119 16 125
24 110 23 123
26 100 15 98
13 95 29 103
22 112 20 103
7 93 27 99
25 100 29 89
2 81 19 83
4 95 10 96
12 95 30 86
5 90 3 81
11 114 28 105
21 103 1 94
24 92 9 75
14 102 23 98
30 81 19 92
5 100 6 91
16 114 10 107
18 103 3 88
27 101 21 74
17 99 7 87
8 104 26 86
29 98 15 92
20 98 12 92
13 98 1 107
28 79 2 93
6 95 7 104
25 100 11 85
26 94 24 89
14 85 15 104
4 82 16 96
22 110 10 90
2 96 18 93
19 84 23 77
8 113 11 106
29 102 9 97
16 101 17 89
20 128 27 115
5 111 28 91
15 110 21 105
7 84 25 81
26 102 1 108
14 108 9 83
6 105 28 120
3 96 5 94
22 97 17 87
23 109 30 97
2 105 27 103
18 105 4 108
19 103 10 110
11 100 25 103
29 87 1 110
24 95 14 99
13 106 8 93
7 95 21 99
26 122 8 102
12 87 27 90
23 105 5 99
30 97 3 77
2 122 28 102
22 110 11 95
15 110 29 99
18 98 25 108
17 95 16 101
24 96 20 121
10 116 6 98
14 101 19 97
1 108 12 93
4 104 30 89
3 92 17 115
9 112 23 109
5 90 2 79
21 109 15 100
7 107 22 117
11 99 29 103
28 118 26 112
13 105 10 91
27 94 18 91
24 108 6 100
8 87 19 96
25 100 16 107
14 109 20 87
4 96 15 82
2 102 11 108
5 95 9 82
1 110 17 85
23 103 12 111
30 136 26 133
18 96 27 107
8 132 24 98
25 86 20 100
14 112 6 57
4 96 5 91
12 102 7 89
28 101 1 104
2 119 26 95
9 99 15 107
17 84 27 91
19 92 22 89
11 112 21 118
24 118 3 109
29 131 20 125
10 110 14 115
13 111 16 105
18 109 30 97
21 125 22 124
8 130 16 102
12 86 5 99
23 95 17 94
28 95 9 101
2 99 4 94
20 83 26 93
27 101 7 89
11 105 19 110
29 121 6 99
24 115 25 111
10 122 13 112
14 100 3 88
1 106 11 112
4 81 19 88
30 98 28 95
9 110 26 106
5 99 16 96
15 89 7 70
18 99 22 108
8 127 6 99
25 96 3 89
13 99 14 92
27 110 8 97
20 121 24 129
30 108 29 101
15 84 5 96
23 96 4 92
11 93 17 84
19 85 28 81
9 103 7 89
13 114 12 107
1 100 26 98
10 109 3 100
2 109 22 106
25 113 18 102
14 101 21 94
16 89 1 93
5 82 4 83
6 98 24 106
3 103 29 95
22 99 23 98
2 86 9 82
17 100 30 87
19 103 15 102
11 104 20 89
27 104 28 95
7 109 14 100
8 112 21 107
26 90 25 94
10 110 12 108
13 126 18 111
4 100 23 97
5 82 7 77
25 108 13 93
3 89 9 74
22 112 28 72
1 59 19 100
2 110 29 86
6 88 17 102
30 91 24 109
15 115 11 110
27 101 20 92
8 97 14 107
10 119 26 112
4 87 1 103
3 86 7 87
30 85 2 83
9 75 24 74
16 120 28 103
23 96 29 85
5 92 6 79
19 96 27 72
21 101 20 98
11 104 22 118
17 81 15 94
25 97 12 92
13 113 10 109
8 121 12 107
3 103 6 101
22 96 9 103
23 105 24 95
28 98 15 100
20 115 30 106
5 92 17 83
18 125 11 129
19 91 21 89
25 81 26 96
10 102 27 113
30 109 8 120
2 112 6 95
7 112 13 105
26 89 4 94
14 120 29 91
12 96 22 111
3 93 15 88
28 94 23 107
9 100 8 109
17 98 1 90
18 117 21 118
11 96 13 83
24 107 4 114
29 105 27 112
10 103 19 112
20 93 16 88
7 111 11 106
25 78 2 88
12 124 3 92
23 94 15 99
28 110 17 116
1 111 20 102
6 103 8 117
16 88 9 87
5 99 22 90
21 124 30 117
29 108 18 100
24 88 2 71
10 113 4 121
14 95 26 100
5 110 12 89
15 107 30 93
18 103 28 87
7 102 1 91
17 91 3 81
27 108 11 95
26 102 19 96
13 103 4 88
21 103 16 108
14 96 2 109
22 103 6 87
23 110 8 99
20 124 9 106
24 104 19 102
10 96 29 81
12 104 28 93
3 115 8 99
16 117 6 90
15 100 22 97
7 102 30 92
29 83 4 78
13 105 17 98
19 97 30 89
25 99 27 86
26 90 2 95
14 114 11 106
1 100 28 87
6 112 12 117
3 92 23 106
9 87 4 97
20 97 7 113
18 84 15 102
21 104 19 93
8 109 25 90
24 92 17 77
29 96 11 97
13 88 5 106
22 100 16 104
10 100 17 94
14 88 27 89
4 97 16 109
12 100 25 87
23 100 20 98
28 111 18 100
30 92 22 110
1 101 13 100
9 92 3 82
2 97 7 101
15 112 6 105
24 107 21 111
26 100 27 113
8 106 29 113
4 92 7 101
30 92 1 99
6 105 25 111
19 95 14 101
11 95 15 93
17 78 9 89
18 100 8 113
29 105 21 121
10 101 5 90
16 97 13 79
3 86 12 105
20 117 23 103
2 91 22 80
4 94 2 89
15 84 14 93
19 92 18 104
7 99 6 96
8 103 11 108
25 109 5 103
26 104 29 107
10 92 24 104
1 83 23 117
22 101 13 85
9 89 27 100
16 117 12 112
17 92 28 74
21 101 15 105
11 108 18 112
6 94 9 103
12 104 4 103
3 103 19 101
23 95 22 99
28 100 27 111
30 100 17 85
20 108 13 116
29 86 5 91
26 100 7 102
10 116 8 114
2 86 14 92
24 112 10 88
8 121 7 120
4 89 3 94
12 116 18 105
22 93 19 99
23 77 27 71
28 96 25 102
6 126 13 119
9 92 16 106
20 96 14 113
15 89 17 86
29 83 24 95
1 86 4 88
3 95 20 105
30 94 27 118
18 87 23 107
19 88 5 97
11 102 7 106
17 97 12 103
26 97 21 99
2 85 16 82
22 89 14 75
6 100 30 115
9 100 25 105
28 98 13 93
15 116 8 108
24 108 26 113
10 100 21 94
4 109 14 89
3 85 27 102
9 79 1 94
17 102 13 78
18 81 25 95
11 121 8 102
12 103 16 110
5 106 4 94
15 102 23 91
21 126 26 96
24 102 29 101
10 102 19 89
22 101 30 76
28 95 16 103
2 94 3 80
6 104 14 99
9 115 12 109
20 102 1 90
18 90 13 98
7 116 26 100
11 105 23 114
17 87 8 94
29 100 10 107
25 103 19 96
5 109 27 99
24 106 7 112
4 114 28 101
30 96 12 113
9 100 11 108
16 117 26 97
17 94 18 88
21 111 13 88
8 120 15 107
10 93 2 115
14 104 1 80
6 119 11 124
12 102 9 101
22 105 26 111
23 117 30 94
28 118 5 113
20 114 17 108
18 95 15 104
19 98 13 87
27 109 21 105
7 118 29 99
24 105 1 97
25 101 14 106
5 93 16 89
8 89 2 75
4 110 26 98
12 84 29 95
23 110 9 94
28 92 24 110
6 115 20 109
16 121 30 113
22 111 21 88
18 81 19 95
27 106 3 96
10 79 1 95
14 108 13 95
25 107 8 106
30 99 7 105
9 120 29 116
15 120 26 92
11 123 3 108
17 75 5 83
13 92 2 99
12 108 24 110
21 87 14 90
6 91 23 95
18 126 10 123
22 100 4 86
28 96 7 114
19 89 11 91
27 95 15 88
16 86 20 91
25 83 1 90
3 103 24 104
30 77 5 105
8 100 1 90
29 102 2 107
26 105 13 99
12 109 10 100
22 116 20 110
23 93 7 101
28 96 19 90
15 109 27 93
17 92 9 90
18 79 14 90
25 87 11 103
1 83 5 80
6 99 27 109
30 102 10 106
2 115 24 103
9 105 18 116
20 107 19 88
21 113 12 89
8 120 4 80
26 102 25 107
13 106 11 103
16 96 22 99
29 101 8 103
3 116 28 103
22 81 5 89
23 111 18 100
1 104 21 111
2 107 10 103
20 115 6 119
15 91 19 98
7 116 12 108
17 88 24 102
27 125 16 95
14 92 4 84
3 137 28 136
30 103 18 96
11 112 12 95
29 109 26 102
25 93 4 69
13 100 8 94
16 86 5 87
27 83 14 99
1 79 20 92
9 113 30 102
23 125 10 117
6 81 19 96
21 122 24 118
7 103 15 104
17 83 2 89
4 87 13 92
22 85 25 89
20 131 29 109
5 85 19 77
15 107 21 101
18 105 7 108
26 101 11 123
1 87 14 101
6 85 10 95
12 100 23 110
30 76 17 95
16 96 25 105
24 113 11 110
4 84 5 101
3 94 10 90
23 105 21 110
28 94 29 96
2 103 13 108
15 108 20 110
17 110 6 90
18 101 12 75
19 93 7 92
27 111 9 104
26 102 22 106
16 94 14 88
7 127 20 109
24 97 8 116
4 97 25 92
3 102 13 98
23 89 2 86
28 108 12 98
5 94 1 76
18 122 29 101
21 104 9 94
27 108 26 103
10 123 22 120
16 118 15 85
1 91 25 82
30 101 13 122
5 118 29 100
17 102 23 74
19 115 26 103
7 91 14 96
11 107 27 115
8 131 9 101
6 75 21 95
28 90 4 95
24 88 22 111
2 87 17 56
20 93 12 106
10 100 18 77
3 88 2 79
30 89 21 116
16 110 27 80
15 105 13 82
19 103 8 114
11 95 24 93
29 112 23 107
26 129 10 119
14 97 22 84
12 119 20 117
5 98 30 79
25 104 7 101
1 87 8 102
2 92 12 80
9 107 28 93
16 85 21 96
17 89 22 93
19 100 24 95
11 94 4 78
29 119 18 104
26 93 6 97
10 106 7 112
13 94 23 104
3 73 5 84
20 120 15 99
25 111 6 70
12 115 5 108
22 85 8 82
28 116 30 107
1 85 16 106
9 99 20 95
21 99 4 82
7 91 27 97
11 93 2 77
17 110 3 95
24 108 10 97
26 80 23 102
14 106 18 98
13 100 6 92
16 103 8 98
15 99 12 78
19 85 2 89
27 109 4 98
25 110 23 101
30 98 3 92
1 104 9 96
17 100 20 95
18 95 26 127
13 99 24 108
11 110 29 108
21 93 28 95
7 101 10 73
14 84 25 80
6 86 22 97
3 98 12 102
20 86 2 96
5 132 26 92
15 103 29 85
27 111 10 96
8 123 28 90
1 81 5 114
25 111 30 76
14 139 24 137
4 88 12 111
6 94 3 98
23 105 1 100
2 87 15 90
9 94 16 100
20 99 22 111
17 90 26 97
21 106 29 94
11 131 10 112
24 114 28 106
8 115 27 112
13 127 30 119
7 104 18 96
29 117 19 121
12 93 26 110
22 95 3 85
2 81 4 83
6 97 9 91
16 111 23 99
20 96 17 102
5 99 15 96
21 111 18 103
8 114 30 94
24 100 19 106
25 98 27 96
10 138 28 100
14 112 13 104
1 98 3 87
4 114 20 106
9 100 12 88
17 87 5 95
29 77 7 94
13 94 28 90
23 111 26 114
6 83 1 99
16 125 11 119
15 111 27 104
18 82 2 85
21 99 25 90
10 114 30 104
14 102 19 84
24 83 7 91
4 87 17 86
12 107 2 100
5 85 23 97
27 92 25 100
29 95 30 100
6 102 16 90
3 87 11 112
21 115 10 114
26 116 24 113
1 85 22 82
4 98 6 97
12 111 9 101
23 108 11 97
28 98 17 104
30 107 16 123
20 120 3 116
15 110 10 91
18 91 5 108
19 95 25 91
8 104 26 90
24 98 21 116
13 100 7 106
27 97 2 107
14 110 7 82
12 89 17 88
22 89 4 77
23 115 3 90
30 115 6 107
9 96 5 101
1 88 2 83
18 92 16 111
19 81 15 93
11 119 27 114
24 111 13 98
25 98 21 91
26 90 8 99
29 85 14 96
5 113 28 106
15 106 18 89
17 93 23 87
10 99 7 92
13 98 21 92
27 114 24 97
14 90 8 95
2 101 9 90
4 91 30 97
3 94 16 108
20 123 6 107
28 102 22 98
26 106 29 97
11 114 1 109
19 108 12 96
25 104 7 96
1 90 27 97
6 99 4 89
3 107 18 105
22 78 17 72
30 107 9 105
2 99 23 82
20 131 28 118
5 97 24 94
15 81 13 82
11 101 26 104
8 94 21 101
25 87 10 108
14 85 29 86
4 102 22 111
12 136 30 112
16 85 17 90
23 92 20 97
28 96 6 104
9 116 3 109
18 98 24 108
19 101 11 93
21 112 13 108
27 124 26 92
7 96 8 104
10 95 14 87
5 97 2 81
29 87 25 98
12 114 1 102
3 93 20 116
23 98 28 93
2 104 30 88
6 82 5 93
9 110 17 100
16 112 4 103
15 101 26 96
19 109 24 97
21 104 8 89
7 107 13 96
25 93 14 86
30 115 1 83
11 99 13 78
17 108 6 101
27 111 29 102
8 130 18 106
22 99 5 102
16 100 2 77
4 101 9 112
28 99 3 92
15 111 19 89
12 109 20 110
7 115 24 90
10 103 26 104
14 106 21 120
1 90 16 98
3 103 4 105
23 85 22 95
30 95 2 94
9 101 6 110
17 93 28 86
19 78 29 90
11 91 7 98
8 134 10 111
24 135 18 127
26 112 21 120
20 90 5 103
25 102 15 89
14 102 27 93
2 112 20 102
4 96 1 85
6 100 30 93
22 92 12 74
23 100 9 104
28 79 16 97
5 97 3 92
7 121 19 89
18 102 11 121
21 106 17 110
29 107 8 103
10 110 25 86
13 110 15 103
24 106 27 103
26 108 14 116
