7 118 1 109
1 102 28 95
14 105 1 103
26 100 1 105
8 109 1 107
1 104 22 94
4 94 1 103
1 91 20 95
1 113 23 103
20 90 1 110
16 104 1 88
1 93 9 85
9 89 1 96
1 87 2 94
1 92 22 109
11 113 1 84
1 88 7 87
30 108 1 101
27 102 1 100
1 107 13 97
1 108 6 89
1 92 21 101
1 101 30 99
20 111 1 106
1 114 14 100
1 124 26 107
1 118 29 85
16 121 1 119
6 125 1 127
1 118 4 116
22 109 1 102
2 91 1 92
1 100 10 101
5 91 1 84
3 91 1 86
1 97 12 87
1 83 11 80
15 108 1 101
1 110 3 127
1 121 16 114
22 109 1 112
1 79 27 105
17 87 1 112
21 111 1 109
1 95 9 102
23 99 1 125
1 120 18 113
1 85 12 89
19 105 1 100
1 76 15 79
5 100 1 85
28 104 1 83
12 108 1 98
1 97 30 114
9 115 1 107
1 107 20 98
1 103 5 107
2 115 1 104
24 129 1 120
25 102 1 78
10 111 1 97
13 109 1 108
29 110 1 112
1 102 17 97
1 97 8 92
4 83 1 97
1 118 28 113
1 105 19 111
28 96 1 86
1 95 24 102
18 107 1 83
1 85 25 100
30 101 1 97
1 103 23 95
1 92 5 105
1 117 6 98
12 88 1 107
1 105 2 97
3 88 1 93
1 98 16 85
1 93 4 95
17 103 1 111
28 93 2 87
2 98 17 105
9 87 2 77
15 95 2 88
2 97 29 87
22 89 2 91
16 110 2 111
2 120 22 105
2 83 4 89
2 96 25 109
18 106 2 88
11 109 2 85
27 104 2 93
2 82 12 97
4 86 2 96
2 93 15 100
2 103 6 86
17 92 2 85
2 108 17 100
2 106 8 98
20 73 2 114
3 104 2 96
2 88 13 96
2 90 20 86
2 101 18 97
2 106 9 107
2 99 30 106
12 106 2 79
2 103 6 100
5 94 2 82
2 92 19 95
21 119 2 96
8 129 2 98
13 111 2 105
10 99 2 97
25 112 2 104
2 92 11 104
2 88 28 83
2 104 14 107
22 93 2 91
16 93 2 86
30 111 2 113
2 83 21 101
2 79 3 85
20 114 2 88
2 94 23 95
2 96 22 89
23 108 2 114
2 99 26 89
2 91 7 102
17 86 2 102
2 92 27 104
24 100 2 94
14 101 2 92
26 105 2 98
29 110 2 98
2 97 12 102
2 88 10 108
2 91 3 84
2 118 9 111
12 94 2 83
2 92 20 116
2 80 24 87
19 121 2 120
7 94 2 89
2 101 16 96
3 114 2 98
2 90 28 99
28 105 2 103
2 102 5 107
5 94 2 80
30 118 2 92
2 102 23 111
9 115 2 111
2 106 4 103
6 99 2 111
23 113 2 108
2 102 30 118
6 98 3 94
3 101 16 100
22 107 3 86
3 104 29 88
30 112 3 108
3 91 12 96
26 107 3 86
24 98 3 100
13 110 3 103
3 98 25 108
4 95 3 91
18 111 3 81
3 97 9 109
28 100 3 102
3 94 14 99
11 114 3 95
15 88 3 97
3 87 8 111
3 83 20 113
17 82 3 90
3 102 13 93
9 103 3 99
3 130 23 94
3 107 30 113
23 121 3 120
3 86 12 103
3 78 5 95
3 104 17 93
12 105 3 91
27 113 3 92
21 93 3 95
3 89 6 82
3 102 10 98
3 104 16 95
28 96 3 80
20 80 3 103
3 101 22 90
3 107 7 106
3 103 28 104
3 95 21 120
12 97 3 96
3 108 23 102
3 103 27 89
9 111 3 95
3 93 19 81
3 105 4 89
5 92 3 76
29 99 3 105
10 93 3 86
14 102 3 108
25 124 3 80
8 89 3 112
17 98 3 107
3 96 5 80
3 103 15 94
3 104 26 89
3 101 28 97
16 95 3 96
30 101 3 94
3 108 24 95
3 104 4 99
7 104 3 107
19 109 3 104
4 116 3 111
3 108 6 97
3 114 18 99
3 105 11 96
20 110 3 81
3 116 9 104
23 101 3 105
16 87 3 88
22 115 3 111
3 97 22 88
3 98 20 109
6 114 3 85
11 96 4 83
4 90 6 84
19 105 4 84
20 97 4 102
4 92 28 90
4 91 20 101
6 80 4 86
4 81 16 97
5 86 4 81
4 91 24 98
17 72 4 96
4 74 12 99
4 92 17 76
16 99 4 98
7 89 4 82
4 105 23 88
4 115 10 111
4 83 22 92
12 99 4 94
4 85 14 88
4 95 26 87
28 102 4 104
9 106 4 116
4 85 29 88
4 111 17 110
4 85 21 89
29 83 4 80
13 112 4 85
25 134 4 104
26 103 4 113
4 83 30 97
18 119 4 92
5 103 4 97
4 108 20 98
23 95 4 92
22 101 4 111
4 96 16 104
4 100 28 95
4 95 13 91
20 125 4 96
4 87 5 89
8 98 4 101
14 100 4 110
24 105 4 95
10 75 4 91
4 100 27 104
4 114 7 89
9 96 4 108
4 116 9 98
4 90 19 87
4 92 15 89
27 92 4 82
21 116 4 99
16 124 4 107
4 109 12 87
4 101 6 92
15 111 4 89
4 105 8 98
30 85 4 98
4 105 18 93
17 92 4 101
4 124 25 94
4 89 11 100
22 110 4 105
4 100 30 94
23 93 4 123
4 91 22 80
6 94 4 96
30 88 4 94
4 111 23 105
4 91 5 86
16 107 5 95
5 82 20 81
23 107 5 104
12 97 5 80
5 97 29 73
5 96 6 81
28 80 5 96
5 110 12 94
8 97 5 87
25 98 5 95
13 121 5 82
29 89 5 83
9 79 5 99
6 97 5 93
5 128 19 131
5 107 16 87
5 75 9 92
5 74 17 78
20 83 5 78
17 90 5 91
5 77 28 99
5 82 22 83
11 109 5 94
21 107 5 95
5 100 6 84
5 83 7 105
15 91 5 95
5 79 28 85
5 92 24 87
17 72 5 81
5 88 30 102
22 125 5 128
30 96 5 93
5 103 23 78
5 102 14 100
6 87 5 98
5 95 13 112
5 86 18 95
27 86 5 96
19 88 5 79
26 99 5 70
24 92 5 101
10 102 5 87
14 86 5 92
28 92 5 94
5 117 8 89
16 93 5 79
5 103 10 83
7 91 5 100
5 109 20 90
9 94 5 105
5 77 15 85
5 95 16 88
5 96 27 104
5 111 11 87
5 94 26 87
5 85 21 97
23 94 5 102
12 91 5 79
5 91 23 81
5 89 12 77
5 74 25 91
5 102 17 90
30 78 5 96
18 87 5 102
5 106 9 98
20 100 5 89
5 108 22 95
12 89 6 74
6 93 18 92
17 109 6 104
23 94 6 79
6 127 23 125
18 124 6 95
30 96 6 103
6 91 30 98
19 104 6 100
27 126 6 96
6 84 16 95
6 98 8 88
6 88 13 82
6 109 20 94
22 100 6 109
16 114 6 107
6 116 25 119
6 114 17 111
6 92 9 115
6 104 10 108
12 91 6 76
6 87 22 81
6 78 12 82
6 111 23 93
29 102 6 113
26 124 6 80
14 118 6 120
25 108 6 96
8 109 6 117
6 97 7 102
6 93 17 78
6 90 24 99
6 89 19 100
20 117 6 86
11 106 6 92
7 124 6 107
6 108 14 119
30 113 6 115
6 91 15 83
6 109 26 99
9 89 6 93
23 85 6 114
6 101 22 93
28 98 6 91
6 83 30 96
6 93 28 99
21 104 6 114
6 99 29 79
15 110 6 96
6 101 27 122
6 97 20 107
24 101 6 110
10 94 6 103
13 102 6 80
6 96 16 100
6 95 21 102
6 111 11 118
20 100 6 106
6 102 28 100
9 96 6 97
6 90 12 76
22 98 6 119
6 122 9 100
17 119 6 116
11 113 7 105
7 111 15 99
7 123 14 104
21 107 7 93
18 116 7 108
17 83 7 91
7 105 30 95
16 110 7 104
22 100 7 108
7 97 23 94
7 123 11 120
7 103 29 93
8 102 7 100
7 96 8 110
7 103 10 99
7 106 18 112
19 97 7 100
25 106 7 108
26 112 7 97
10 95 7 93
7 106 17 93
7 105 15 91
7 108 28 109
24 123 7 108
11 104 7 111
7 107 27 116
18 98 7 100
30 78 7 87
7 112 13 119
7 80 20 92
7 110 14 97
27 112 7 90
19 90 7 107
7 110 19 107
7 107 22 88
13 129 7 127
24 107 7 110
7 111 25 127
28 93 7 85
7 116 9 106
7 115 11 117
7 107 26 103
15 96 7 110
7 103 29 81
12 73 7 81
7 106 16 117
23 112 7 124
9 102 7 113
20 108 7 110
7 108 19 89
27 112 7 106
8 115 7 110
7 103 25 98
7 105 12 94
10 108 7 85
29 101 7 108
21 86 7 109
7 122 18 123
7 122 8 106
7 128 21 119
7 103 13 109
7 103 26 100
7 120 10 122
13 107 7 113
14 95 7 107
26 91 7 93
29 83 7 95
7 100 27 109
7 101 24 98
15 106 7 105
26 90 8 88
8 98 25 113
8 94 27 102
24 114 8 103
29 81 8 100
8 111 14 99
8 117 18 113
11 122 8 111
21 115 8 113
18 110 8 117
8 97 20 95
28 98 8 112
23 92 8 103
30 74 8 75
8 93 29 103
8 102 19 93
8 93 21 105
8 99 24 103
13 112 8 91
8 81 10 89
19 105 8 89
15 120 8 99
8 94 16 97
8 102 23 114
8 111 15 108
14 115 8 137
8 101 21 88
8 120 22 94
29 118 8 103
10 116 8 123
24 117 8 103
25 110 8 105
8 109 12 96
26 117 8 125
8 90 28 100
8 116 13 115
8 110 17 100
20 117 8 90
9 126 8 109
12 119 8 80
18 117 8 90
8 107 24 112
17 90 8 101
8 95 26 109
8 95 25 100
25 102 8 96
8 128 18 132
8 134 14 126
19 111 8 107
22 112 8 120
16 107 8 111
8 110 13 100
8 118 9 109
8 105 30 102
21 117 8 96
27 108 8 103
8 102 27 133
8 92 15 94
8 137 19 107
15 100 8 92
11 130 8 125
8 123 11 116
10 99 8 100
8 101 29 94
13 117 8 105
8 112 10 116
9 113 30 102
15 111 9 108
9 91 12 99
9 110 21 119
25 109 9 103
10 113 9 95
26 90 9 97
14 114 9 99
9 92 20 86
9 113 17 94
9 102 14 106
9 115 23 100
16 97 9 107
17 98 9 105
9 95 16 110
9 94 18 121
19 111 9 106
9 109 25 111
12 96 9 101
9 97 11 114
22 109 9 92
30 106 9 82
9 99 30 106
9 84 15 112
20 89 9 85
28 112 9 91
23 104 9 114
9 110 24 108
9 89 29 110
30 98 9 104
9 103 13 112
17 104 9 101
9 101 19 103
9 103 22 87
9 113 23 96
16 102 9 96
22 112 9 98
9 109 27 100
9 96 10 104
27 120 9 110
11 118 9 110
9 96 20 85
18 114 9 101
9 99 26 89
28 101 9 87
9 104 12 112
24 98 9 92
13 112 9 103
29 94 9 114
9 78 16 110
23 123 9 98
9 116 17 111
12 101 9 94
9 107 28 116
21 112 9 111
10 125 14 94
13 126 10 115
10 98 26 87
23 90 10 110
18 93 10 106
27 76 10 74
15 108 10 90
10 116 21 115
10 102 29 88
29 87 10 98
10 81 15 88
14 102 10 95
10 101 25 113
19 101 10 102
21 113 10 112
26 113 10 115
10 112 28 103
11 105 10 83
15 82 10 108
10 112 11 116
24 106 10 102
10 104 19 93
10 102 27 104
10 102 14 83
10 105 13 103
10 115 24 86
22 81 10 94
16 114 10 123
30 96 10 112
17 80 10 101
21 127 10 121
19 87 10 97
10 94 12 102
10 120 18 121
10 103 25 88
10 85 30 88
10 111 13 92
29 90 10 95
24 122 10 109
10 123 23 80
10 110 16 111
26 92 10 101
10 102 11 99
20 103 10 126
28 104 10 98
12 96 10 98
10 113 24 107
13 111 10 98
25 112 10 113
10 103 22 89
10 115 17 110
10 90 27 99
10 100 15 93
10 84 20 89
27 111 10 90
10 102 26 69
10 130 29 102
14 95 10 112
25 119 10 117
10 130 18 120
29 93 11 104
13 137 11 118
25 101 11 116
11 98 14 99
11 94 13 107
11 110 28 104
23 123 11 117
20 106 11 109
11 112 18 101
15 86 11 93
27 106 11 112
29 109 11 103
11 88 24 97
11 98 22 88
25 111 11 104
26 106 11 91
12 114 11 81
27 98 11 111
11 100 15 92
11 107 19 98
21 117 11 86
11 106 26 110
11 102 20 100
11 113 14 99
30 107 11 114
19 100 11 103
11 92 21 104
11 114 17 104
11 126 25 113
11 119 26 98
11 87 15 88
15 99 11 81
11 97 27 90
11 122 24 108
17 95 11 101
18 89 11 107
11 113 30 112
14 108 11 134
24 112 11 115
26 103 11 129
13 101 11 93
11 106 16 103
22 89 11 101
11 112 12 86
11 118 25 113
21 106 11 98
16 113 11 104
11 124 29 86
11 129 18 106
11 120 23 98
11 107 13 118
28 107 11 103
11 111 21 107
14 130 11 145
18 112 11 110
11 111 19 104
11 104 27 98
19 105 11 100
12 97 22 87
19 90 12 95
12 91 28 84
12 95 15 79
12 104 17 77
20 96 12 103
12 106 23 98
12 98 18 84
12 93 30 73
13 100 12 105
25 106 12 102
29 86 12 95
27 100 12 111
21 118 12 94
12 90 16 84
16 97 12 94
28 95 12 82
12 99 19 82
12 86 28 79
12 93 30 66
12 116 26 92
12 117 20 89
12 106 13 92
24 124 12 100
26 111 12 116
14 92 12 104
12 94 24 102
12 98 22 79
12 118 25 113
22 93 12 92
18 104 12 91
17 100 12 110
12 118 14 98
12 101 17 96
12 94 29 91
23 94 12 101
12 99 23 90
20 92 12 86
15 82 12 71
12 84 16 83
30 91 12 78
12 77 27 103
28 102 12 94
17 102 12 104
16 98 12 86
12 102 21 97
22 86 12 101
14 116 13 103
26 101 13 110
22 98 13 90
16 102 13 97
13 109 18 107
13 111 21 103
13 102 15 106
18 98 13 102
21 105 13 91
13 103 26 102
13 93 20 80
26 98 13 104
15 81 13 101
23 83 13 94
30 97 13 113
13 115 27 92
13 108 19 95
13 120 18 116
25 116 13 112
13 98 29 90
13 88 24 107
27 116 13 92
13 101 22 81
13 123 14 87
20 95 13 109
28 118 13 126
17 86 13 114
13 110 30 103
13 102 29 87
13 112 16 116
13 118 28 105
13 123 23 78
13 122 25 117
13 103 27 113
15 102 13 96
21 117 13 125
19 110 13 123
13 108 19 76
24 96 13 104
14 94 13 142
13 112 24 105
29 87 13 96
13 106 17 98
19 98 13 96
18 104 13 114
24 108 13 112
13 120 14 97
13 101 21 107
13 117 26 101
25 110 13 104
14 85 27 91
19 96 14 85
14 90 18 113
14 116 19 95
14 86 15 89
14 100 26 86
30 116 14 111
14 108 25 114
26 100 14 106
14 94 28 106
14 108 24 114
21 122 14 97
15 92 14 96
14 104 18 91
24 117 14 90
14 95 16 101
29 105 14 103
14 104 23 111
14 79 17 94
14 110 29 99
24 121 14 114
28 106 14 112
16 109 14 102
22 114 14 105
20 110 14 103
18 109 14 99
23 98 14 112
14 79 29 96
14 103 21 107
15 108 14 103
14 126 26 122
25 106 14 107
14 125 19 132
14 114 21 110
21 131 14 102
27 119 14 85
14 109 27 125
14 107 30 117
14 103 22 94
14 127 20 96
17 108 14 105
18 143 14 107
14 115 24 99
14 112 25 124
26 107 14 102
14 90 15 102
29 104 14 119
27 100 14 113
27 101 15 94
15 84 19 99
15 87 28 103
26 86 15 97
15 86 27 102
15 110 24 91
15 94 22 85
15 100 21 116
19 104 15 98
15 93 18 101
20 87 15 95
15 104 29 94
24 91 15 99
15 108 27 110
15 104 24 99
15 90 21 87
17 77 15 82
15 91 26 90
15 92 19 95
25 81 15 98
26 89 15 99
18 90 15 94
15 99 17 90
21 86 15 77
15 92 30 89
22 81 15 86
15 98 20 93
21 113 15 107
30 104 15 110
15 109 25 99
19 88 15 90
28 99 15 86
23 77 15 103
15 96 29 86
16 91 15 86
15 109 18 92
29 87 15 91
25 105 15 98
18 102 15 88
27 112 15 92
15 107 16 102
15 117 23 95
24 91 15 97
23 114 16 110
16 103 30 93
28 95 16 104
16 118 17 95
22 92 16 120
16 101 22 99
16 107 24 92
28 83 16 90
18 82 16 103
16 117 29 94
16 122 26 103
26 108 16 103
25 107 16 108
22 94 16 110
16 102 28 97
16 107 19 88
20 102 16 92
30 114 16 97
23 86 16 101
16 113 27 101
16 95 21 112
20 91 16 106
29 94 16 89
24 97 16 103
21 81 16 103
16 108 20 82
16 112 22 98
27 111 16 87
16 99 30 90
19 105 16 95
16 93 25 91
17 67 16 88
16 93 28 83
16 96 17 77
16 121 18 122
16 102 20 91
30 114 16 93
16 87 23 100
20 90 17 83
17 90 28 97
22 94 17 91
17 79 21 92
17 82 25 91
23 115 17 107
17 92 30 100
30 105 17 109
17 77 27 109
17 101 20 107
17 116 23 106
17 95 18 117
29 96 17 87
24 116 17 100
21 101 17 85
28 116 17 94
27 110 17 82
17 117 24 126
22 113 17 102
17 101 20 98
17 98 19 102
17 104 22 100
23 110 17 130
17 114 29 88
17 102 26 116
19 112 17 104
17 107 30 114
17 105 22 98
18 112 17 101
20 115 17 94
25 120 17 115
26 124 17 107
17 98 28 102
30 104 17 91
28 110 17 100
18 120 22 115
18 100 21 81
20 100 18 109
30 104 18 100
21 113 18 103
18 110 27 91
18 106 23 99
27 117 18 110
18 120 25 109
18 120 30 98
18 124 19 112
18 111 21 115
23 95 18 126
18 103 24 104
27 104 18 86
18 108 26 111
28 94 18 89
18 98 29 72
29 97 18 112
25 115 18 104
18 88 19 77
21 106 18 97
19 98 18 91
18 110 25 117
29 104 18 121
25 108 18 97
24 101 18 110
26 97 18 108
18 106 20 118
18 104 28 111
18 104 26 102
18 120 24 127
22 100 18 92
26 106 18 103
18 130 29 136
22 110 19 90
19 98 24 104
24 101 19 94
29 111 19 105
19 135 23 98
19 105 29 98
27 112 19 93
23 105 19 121
20 99 19 103
19 95 21 109
25 110 19 107
26 100 19 113
19 110 25 108
19 96 30 102
19 95 27 101
19 97 26 114
19 100 22 92
19 95 27 102
28 108 19 101
19 91 20 98
30 94 19 93
24 116 19 104
26 96 19 89
19 103 25 111
19 100 28 107
19 102 29 95
27 96 19 80
19 97 26 102
29 100 19 96
25 100 19 94
19 88 24 94
21 116 19 94
19 101 21 89
20 89 27 120
30 98 20 89
25 102 20 91
20 121 22 83
20 101 30 102
22 98 20 103
20 94 21 123
20 83 28 95
28 115 20 100
27 101 20 105
23 92 20 102
20 98 24 96
20 106 23 110
20 90 25 94
21 112 20 100
20 101 26 106
22 129 20 121
20 108 29 81
20 123 23 110
23 92 20 93
26 99 20 107
24 112 20 88
29 83 20 92
20 89 30 90
28 100 20 108
20 95 28 92
29 98 21 101
21 103 24 96
21 106 30 105
21 95 29 73
21 94 27 88
26 95 21 97
25 111 21 104
21 101 22 98
27 100 21 113
21 98 28 104
21 94 25 98
29 112 21 101
21 108 26 93
21 105 25 97
27 105 21 111
23 91 21 103
30 96 21 81
22 103 21 102
25 95 21 98
21 125 23 92
24 128 21 122
28 118 21 119
21 94 26 81
21 116 29 96
21 106 27 94
24 122 21 115
26 92 21 107
22 96 24 104
22 105 23 94
22 91 27 109
30 98 22 80
23 126 22 125
22 82 29 86
22 100 26 105
25 110 22 94
26 103 22 83
28 98 22 83
28 105 22 90
30 115 22 106
23 90 22 101
22 92 23 81
27 121 22 112
22 101 30 105
24 109 22 93
29 89 22 88
22 95 25 85
22 93 28 98
22 86 30 96
30 102 23 109
23 102 30 116
23 85 27 109
23 98 28 108
28 108 23 100
23 105 25 139
24 115 23 101
26 104 23 113
25 99 23 101
30 107 23 99
23 95 28 104
23 113 24 124
29 105 23 100
23 103 30 122
23 92 29 104
23 98 26 115
27 113 23 91
28 125 23 114
24 104 25 91
24 87 29 84
27 99 24 96
25 90 24 89
26 107 24 104
24 106 26 113
24 120 25 106
29 101 24 112
24 104 29 112
24 106 28 97
24 116 26 107
24 101 27 108
24 95 30 101
24 106 27 85
29 109 24 86
28 113 24 121
30 93 24 99
25 93 24 109
27 112 24 104
26 99 24 104
25 115 27 105
25 104 26 91
26 85 25 96
28 110 25 118
25 130 29 98
29 94 25 105
26 123 25 119
27 100 25 109
25 106 28 103
30 100 25 90
25 109 27 111
25 102 29 94
27 103 25 90
25 116 30 103
25 100 26 99
29 99 25 111
29 102 26 112
26 101 29 122
27 112 26 104
29 106 26 99
27 95 26 93
26 109 28 101
30 93 26 84
28 99 26 87
26 117 30 111
26 79 27 99
27 92 30 79
29 82 27 91
28 103 27 116
29 84 27 100
27 112 28 99
27 109 29 105
30 118 27 125
27 122 29 104
28 115 29 91
28 96 30 88
30 88 28 101
29 79 28 94
30 93 28 103
28 129 30 134
29 104 30 101
30 104 29 91
