20 126 1 107
15 131 1 117
6 111 1 133
1 111 7 104
1 85 5 97
23 113 1 92
6 136 1 114
1 115 26 146
1 123 16 118
4 113 1 102
1 107 20 112
1 109 9 124
14 107 1 106
10 110 1 103
8 138 1 93
12 97 1 89
1 119 13 127
1 108 28 124
1 96 2 114
1 124 4 123
16 113 1 115
4 108 1 94
2 105 23 87
28 113 2 101
20 101 2 103
2 90 22 93
21 95 2 101
9 89 2 109
2 108 9 105
2 117 17 113
12 102 2 101
8 115 2 107
24 109 2 116
29 123 2 115
25 100 2 94
2 111 5 82
2 123 28 116
2 86 29 98
4 117 2 112
2 109 20 117
7 113 2 104
19 107 2 124
9 103 3 100
3 107 20 105
12 132 3 112
6 86 3 102
19 117 3 115
3 114 10 120
20 115 3 96
3 120 9 119
3 111 11 119
3 122 23 97
24 82 3 104
8 110 3 112
10 116 3 100
18 120 3 113
3 107 16 120
30 104 3 115
3 119 13 127
16 92 3 104
7 119 3 113
3 102 18 112
3 125 23 127
3 91 29 101
4 112 17 113
22 88 4 120
16 112 4 113
28 127 4 106
5 112 4 110
4 135 5 106
23 105 4 103
4 125 16 113
4 107 21 111
4 126 6 94
23 133 4 132
9 103 4 113
6 113 4 89
4 119 23 122
4 127 12 109
21 109 4 104
4 110 17 107
23 127 5 108
5 116 9 118
7 115 5 109
5 124 10 149
5 107 8 108
5 105 12 107
5 88 11 96
20 115 5 116
19 107 5 98
5 99 6 98
5 98 7 103
17 123 5 104
5 83 28 122
5 124 24 116
5 96 16 103
18 111 5 96
5 107 27 108
17 116 5 113
28 116 6 104
18 131 6 123
9 110 6 103
6 107 12 119
6 91 8 110
22 102 6 100
6 86 21 95
30 119 6 95
9 113 6 102
6 105 14 109
23 112 6 121
6 117 11 108
6 95 18 102
21 100 6 83
24 121 7 100
7 140 18 136
28 116 7 107
7 104 29 113
27 113 7 108
14 114 7 113
7 106 20 118
7 119 30 100
29 117 7 102
7 111 21 96
7 118 29 68
7 112 10 109
15 98 7 88
11 108 7 128
13 98 8 107
8 119 24 91
8 100 10 98
8 126 26 112
14 121 8 114
8 116 19 111
8 103 29 88
15 89 8 87
8 114 17 121
8 99 11 109
19 125 8 115
17 104 8 98
18 101 8 103
8 112 22 87
21 98 8 105
8 117 14 85
9 133 23 132
23 109 9 99
9 115 16 120
22 96 9 103
28 104 9 106
11 126 9 124
9 116 11 111
9 118 24 107
9 115 20 108
10 108 21 100
29 123 10 124
10 123 24 103
10 144 30 122
20 100 10 128
10 131 19 121
10 116 18 99
10 117 15 101
10 111 17 134
13 121 10 116
11 107 10 86
27 104 10 92
10 95 21 123
10 125 25 97
10 117 26 116
10 116 22 110
11 112 19 131
14 115 11 124
13 115 11 112
11 89 29 100
11 113 13 133
11 85 25 104
12 94 11 98
21 98 11 80
27 96 11 89
11 115 12 103
11 132 26 112
30 135 11 131
12 111 15 83
17 118 12 101
18 101 12 91
27 96 12 116
12 93 25 103
20 101 12 107
12 94 23 100
16 102 12 110
12 99 16 91
12 121 29 94
12 100 27 111
29 88 12 121
24 104 12 109
13 108 21 92
19 116 13 109
13 136 30 104
21 128 13 110
23 122 13 113
22 95 13 120
13 120 18 109
25 116 13 105
13 128 17 126
13 116 27 111
30 125 13 118
13 112 15 107
25 100 13 104
13 115 24 99
25 128 14 119
14 142 27 143
24 113 14 131
27 110 14 106
18 124 14 120
25 110 14 114
14 107 28 121
14 114 18 110
26 86 14 101
14 126 25 117
22 130 14 117
16 97 14 113
14 90 29 83
14 104 22 108
29 84 15 92
26 97 15 92
15 117 24 96
15 107 30 95
29 100 15 110
24 102 15 100
15 112 23 106
15 88 29 96
17 113 15 116
15 112 26 104
18 87 15 100
27 103 15 104
15 98 20 103
15 114 28 122
22 104 16 101
30 112 16 113
16 110 20 87
16 120 25 111
16 113 26 123
16 95 27 88
16 110 30 116
16 114 23 124
28 125 16 115
17 124 20 113
17 123 23 108
18 95 17 125
17 113 22 91
17 124 28 109
17 144 26 109
25 118 17 103
17 143 25 100
17 114 24 116
17 135 27 129
27 112 18 108
28 112 18 105
18 128 29 125
25 111 18 81
26 121 18 110
18 107 19 100
18 112 25 96
18 128 27 89
19 149 26 129
19 111 29 132
25 132 19 119
27 109 19 95
21 122 19 116
19 119 24 99
28 110 19 126
19 129 20 124
19 140 27 126
23 121 19 120
20 114 19 109
30 124 19 114
19 125 30 104
30 108 20 95
28 128 20 112
20 89 22 115
21 128 20 103
22 131 20 117
20 114 25 118
23 117 20 91
21 120 26 131
21 117 24 110
30 111 21 134
21 118 24 101
24 100 21 110
26 117 21 113
23 116 22 115
22 114 25 128
22 99 26 107
27 110 22 117
22 117 30 108
30 117 22 109
22 111 23 106
22 91 28 93
25 115 22 112
28 129 23 112
23 113 29 107
23 119 24 114
24 90 27 120
24 98 28 107
24 116 27 96
25 121 27 108
25 124 30 125
30 109 25 119
26 117 29 123
26 116 30 112
26 105 28 114
26 104 27 99
29 110 26 119
26 112 29 133
30 113 28 117
29 111 28 124
28 125 30 107
